1 1 1 1 1 1 1 1 1 1 1 1 1 1 1 1 1 1 1 1 1 1 1 1 1 1 1 1 1 1 
1 1 2 1 1 1 1 1 2 1 2 1 1 1 2 1 1 1 2 1 1 1 2 1 2 2 1 1 1 1 
2 1 1 2 1 2 1 1 2 1 1 1 2 1 2 1 1 1 2 1 2 1 1 1 2 1 2 2 1 1 
1 1 1 1 1 1 2 1 1 2 1 1 1 2 2 1 1 1 2 1 1 1 1 1 1 1 1 2 1 2 
1 1 1 2 1 1 1 2 1 1 1 1 1 2 1 1 1 1 1 1 1 1 1 1 1 1 1 1 1 1 
1 2 1 1 1 1 2 2 2 1 1 2 1 1 1 1 1 1 1 1 1 2 2 2 1 2 1 1 1 1 
2 1 2 2 2 2 2 2 2 1 1 1 1 2 1 1 1 1 2 1 1 2 1 1 1 1 1 1 2 1 
1 2 1 2 2 1 1 1 2 2 2 2 2 2 1 1 1 1 2 2 2 2 2 1 2 2 2 1 2 2 
2 1 2 1 2 1 2 2 2 2 1 1 2 1 2 2 2 1 1 1 1 2 2 2 2 2 2 2 1 2 
2 2 2 1 2 1 2 2 1 2 2 2 2 1 2 2 2 2 2 1 2 2 2 2 1 1 1 1 1 2 
2 2 2 1 2 1 2 2 2 2 2 1 2 2 2 1 1 1 1 1 1 2 2 2 2 1 2 1 2 1 
1 2 2 1 2 2 1 2 2 2 2 1 2 1 1 2 1 1 1 1 2 1 2 1 1 1 1 2 2 2 
1 2 1 2 2 2 2 2 2 2 1 2 2 2 1 1 1 2 1 1 2 1 2 2 1 2 2 1 1 1 
2 2 1 2 2 1 1 1 1 1 2 2 2 2 2 2 2 2 2 2 1 1 1 2 1 2 2 1 2 2 
1 2 1 1 1 1 2 2 2 2 1 2 1 2 1 2 2 1 1 2 2 2 1 2 2 2 2 1 2 2 
2 1 2 1 2 1 2 2 2 2 1 2 1 1 2 2 1 2 2 2 2 1 2 2 1 1 2 1 2 1 
2 1 1 1 1 1 1 1 2 1 1 2 1 1 1 2 1 1 2 2 1 1 1 1 1 1 2 1 2 1 
2 1 1 1 1 1 1 1 2 2 1 1 1 1 1 2 2 1 1 1 1 1 2 1 1 2 1 2 1 1 
2 2 1 2 1 1 1 2 1 2 2 2 1 1 2 1 2 2 1 1 1 2 1 2 2 2 2 2 1 1 
2 1 2 2 2 2 2 1 1 2 1 1 1 1 2 2 2 1 2 2 2 1 2 1 1 1 2 1 1 2 
1 2 2 2 2 2 1 2 1 1 2 2 1 2 1 1 2 2 2 2 1 1 1 1 2 1 1 1 1 1 
2 1 2 2 1 1 2 2 1 2 1 2 1 1 2 1 1 1 1 2 1 1 1 2 1 1 1 2 2 2 
1 2 1 2 1 1 2 2 2 2 1 2 2 2 2 1 2 1 2 2 2 2 2 2 2 2 1 1 1 1 
1 1 1 2 1 1 1 1 2 1 2 2 2 1 1 2 1 2 1 1 1 1 1 1 1 1 2 2 1 2 
1 1 2 1 1 1 2 2 1 2 2 1 1 1 1 1 2 1 1 1 1 1 2 2 1 2 2 1 1 1 
2 1 2 1 1 1 1 1 2 1 2 2 1 1 2 1 1 1 1 2 1 1 1 1 2 2 1 1 2 1 
1 1 1 2 2 1 1 1 1 1 1 1 1 1 1 1 2 1 1 1 1 2 2 1 1 1 1 1 1 1 
2 1 2 2 1 2 2 2 2 1 2 2 2 2 1 2 1 2 2 1 2 2 2 1 2 1 2 2 2 2 
1 1 1 1 1 2 1 2 1 1 2 2 2 1 1 1 1 2 1 1 1 1 2 1 1 1 1 1 1 1 
2 2 2 1 1 1 2 1 1 1 1 2 1 1 1 1 1 1 1 1 2 1 1 1 1 1 1 1 2 1 
1 1 1 1 1 1 1 2 2 1 2 1 1 2 1 2 2 1 1 2 1 1 1 1 1 2 1 1 1 1 
2 2 1 2 2 2 2 1 1 2 1 2 2 1 2 2 2 2 2 1 2 2 2 2 1 2 2 2 2 2 
2 2 1 2 2 2 2 2 2 2 2 2 2 2 2 2 2 1 2 2 2 2 1 2 1 2 2 2 2 2 
1 2 1 1 2 1 1 1 2 2 2 1 1 2 2 2 2 1 2 2 2 2 2 1 2 2 2 2 1 2 
1 2 2 1 1 1 1 2 2 1 1 1 1 1 2 2 2 2 1 1 1 2 1 1 1 1 1 2 1 2 
1 1 2 2 1 1 2 2 1 2 1 2 1 2 2 2 1 2 1 1 2 1 2 2 2 1 2 1 1 1 
1 1 1 2 2 1 1 1 2 2 1 2 2 1 2 1 2 1 1 1 1 1 2 1 1 1 1 1 2 1 
1 2 1 1 1 2 1 1 1 2 2 2 1 2 1 1 2 1 1 2 2 2 2 1 1 2 1 2 1 1 
1 1 2 1 1 1 2 1 1 2 1 2 1 1 1 1 2 1 1 1 1 1 1 1 1 1 2 2 1 1 
1 2 1 1 1 1 2 1 1 2 2 2 2 1 2 2 2 2 1 1 1 2 1 1 1 1 2 2 2 2 
2 2 2 1 2 2 2 2 2 1 2 2 2 2 1 2 1 2 2 1 2 1 2 1 1 1 2 1 2 2 
1 2 1 1 1 2 1 1 1 1 1 1 1 1 1 1 2 2 1 1 1 2 1 1 1 1 2 2 1 1 
2 1 2 1 2 1 1 2 2 2 2 1 2 2 2 1 2 1 2 2 1 2 2 2 1 2 1 1 2 2 
2 2 1 1 2 1 2 2 2 1 2 2 1 2 2 1 1 1 2 1 2 1 1 1 2 1 1 2 1 1 
2 1 1 2 1 1 1 1 1 2 1 1 1 1 2 1 2 2 1 2 2 1 2 2 2 1 1 1 1 2 
2 2 1 1 2 1 2 2 1 1 1 2 2 1 1 2 2 1 2 2 2 2 1 2 1 2 2 1 1 2 
1 2 1 1 2 2 1 1 1 1 1 2 2 2 2 1 1 2 2 2 1 2 2 1 2 1 2 1 1 2 
1 1 1 2 1 1 2 2 1 2 1 2 2 2 2 2 1 2 1 2 2 2 2 2 1 2 2 2 1 2 
2 2 2 2 2 1 1 1 1 2 1 2 2 1 2 1 2 1 1 1 1 2 2 2 1 2 2 1 1 2 
2 1 2 1 2 2 1 2 2 1 1 1 2 1 2 1 1 2 2 2 2 1 2 1 2 2 2 2 1 1 
1 2 1 2 1 1 1 1 2 2 2 1 2 1 1 2 2 1 1 2 1 2 1 2 2 2 1 1 2 1 
2 1 2 1 1 1 2 2 1 1 2 2 2 1 2 2 1 2 2 2 2 2 1 2 2 2 2 2 1 1 
1 1 1 1 1 2 1 1 1 2 1 1 2 2 2 2 2 1 1 2 1 1 2 2 1 1 1 2 2 1 
1 1 2 2 1 2 1 1 2 2 2 1 2 2 1 2 2 2 2 2 1 2 1 2 2 1 2 2 1 1 
1 1 1 1 1 1 1 1 2 2 1 1 2 2 2 2 1 1 1 1 2 1 2 2 2 2 1 1 2 2 
2 1 2 2 1 2 1 1 2 2 1 1 1 2 1 2 2 2 2 1 2 1 2 2 2 2 1 1 2 1 
2 1 2 2 2 2 2 2 2 1 1 2 1 2 2 1 1 2 2 2 1 1 1 1 1 2 1 2 1 2 
1 2 1 2 1 1 2 2 2 2 1 2 2 2 1 1 2 1 1 1 2 2 1 1 1 2 2 1 1 1 
1 1 1 1 1 1 1 2 1 1 2 1 1 1 1 1 2 2 1 1 1 2 1 1 1 1 1 2 1 1 
1 2 1 1 1 2 1 1 1 2 1 1 2 2 1 2 1 1 1 1 2 2 1 1 1 2 2 1 1 1 
1 2 2 2 1 2 2 2 2 2 2 1 1 1 2 2 1 2 1 1 2 2 1 2 2 1 2 2 2 2 
1 1 1 1 1 1 1 2 1 1 2 1 1 1 2 1 2 2 2 1 1 1 2 1 1 2 1 1 2 1 
1 1 1 1 1 1 1 1 2 2 1 1 1 1 1 2 1 1 2 1 2 1 2 2 1 1 2 1 1 1 
1 2 1 1 1 2 2 2 1 2 2 2 2 1 1 2 2 2 2 1 1 2 2 2 1 2 2 2 1 2 
2 1 1 1 1 1 1 2 2 2 2 2 2 2 1 2 1 2 1 1 2 2 2 2 1 1 2 2 2 1 
1 1 2 2 1 2 1 2 1 2 2 1 2 1 2 2 1 1 2 2 2 1 1 2 1 1 2 2 2 1 
1 2 1 2 2 1 1 1 1 1 1 1 2 2 2 1 2 2 1 1 2 1 2 2 1 2 2 1 2 2 
2 1 1 2 1 2 2 1 1 2 1 2 1 1 2 1 2 2 2 1 1 2 1 1 1 2 2 1 2 2 
1 1 1 1 1 1 1 1 1 1 1 1 2 2 2 1 1 1 1 1 2 1 1 1 2 1 2 2 1 1 
1 2 1 1 1 1 2 2 1 2 1 1 2 2 1 2 1 1 2 1 2 2 1 1 2 1 1 1 2 2 
1 1 1 1 1 1 1 2 1 2 1 1 1 2 2 2 2 2 1 2 2 2 2 1 2 1 2 2 2 1 
1 1 1 1 1 2 2 2 1 1 1 2 2 1 1 1 1 2 1 2 1 1 1 2 1 2 1 1 2 1 
1 2 1 1 1 2 2 1 1 2 2 2 2 2 1 1 1 2 1 1 1 2 2 1 1 1 1 2 2 2 
2 2 1 1 1 2 1 2 1 1 2 2 2 2 2 1 2 2 1 2 2 1 2 2 1 2 2 1 2 2 
1 1 2 1 1 2 2 2 2 2 1 1 2 2 2 1 2 2 1 2 1 2 2 1 2 2 1 2 2 1 
2 1 1 1 1 1 1 1 1 1 2 1 1 1 1 1 2 1 1 1 1 1 1 1 1 1 1 1 1 1 
1 1 1 1 2 1 1 1 1 2 1 1 1 1 1 1 2 2 1 1 2 2 1 2 1 2 2 2 1 1 
2 1 1 1 1 2 1 4 1 1 2 1 2 1 1 2 1 1 1 1 1 1 1 1 1 1 2 2 4 1 
3 3 5 1 2 1 3 3 1 2 3 3 3 2 1 3 1 1 1 3 1 3 2 1 1 2 3 1 3 1 
1 1 1 2 1 1 1 1 1 1 1 1 1 1 2 1 2 1 2 1 2 2 1 2 1 2 2 2 1 1 
1 2 2 1 1 2 1 1 2 2 1 1 1 2 1 1 1 1 1 2 1 1 1 1 1 2 1 1 1 1 
2 2 2 2 2 2 2 2 2 2 2 2 2 2 2 1 2 1 1 1 2 2 2 1 1 2 2 2 2 2 
1 1 1 1 2 1 1 2 1 1 1 1 1 1 1 1 1 1 1 2 1 1 1 1 2 1 1 1 2 1 
3 1 4 3 4 4 4 2 1 1 3 3 3 1 3 1 4 1 1 4 4 3 2 3 3 2 3 1 3 3 
1 2 1 1 1 1 1 2 2 1 1 1 1 2 2 1 2 1 1 2 1 1 1 2 1 1 1 1 2 1 
2 2 2 2 2 2 2 2 1 1 1 2 2 2 2 2 2 2 2 2 2 2 2 2 2 2 2 2 2 2 
8 7 8 4 7 5 7 8 7 8 8 7 8 8 5 5 7 6 5 6 8 5 5 6 5 5 5 8 5 8 
8 1 5 1 1 10 1 1 2 3 5 1 1 3 1 3 1 5 5 9 1 3 5 1 5 1 5 5 5 1 
3 7 7 5 4 5 3 1 4 3 5 4 4 8 5 2 8 2 9 3 1 1 7 2 6 4 3 5 2 7 
4 1 1 3 4 3 2 2 1 3 1 6 4 3 3 4 2 4 6 4 3 2 4 3 3 4 1 2 1 4 
6 2 8 1 7 9 8 3 8 9 6 3 5 5 5 8 7 3 7 8 6 3 6 7 5 7 7 9 2 5 
6 3 1 8 7 8 5 5 3 8 5 6 2 6 6 5 5 1 8 1 8 4 2 5 6 1 5 3 8 1 
6 6 5 6 8 8 6 3 3 8 10 9 8 5 2 2 9 7 5 5 4 7 5 1 5 6 5 1 7 2 
8 4 8 4 6 4 2 3 7 7 8 5 6 3 3 5 4 3 6 5 8 5 4 5 6 1 5 1 4 5 
1 6 9 4 9 5 6 4 9 4 3 2 4 7 6 1 4 7 4 3 3 3 8 7 4 4 3 7 6 8 
2 7 2 13 14 14 5 7 16 12 15 4 13 6 14 12 4 8 6 13 5 12 16 14 6 7 14 10 6 10 
8 20 11 17 13 19 7 3 19 15 22 15 12 10 8 6 11 10 18 16 20 15 19 17 6 6 17 18 6 21 
7 23 19 13 23 22 20 28 16 26 14 22 18 18 15 17 19 17 24 10 13 7 18 11 28 9 13 9 15 23 
22 18 11 5 22 13 14 17 12 6 20 24 13 11 13 8 15 16 7 11 14 20 17 22 24 21 18 24 7 19 
6 32 26 42 42 1 22 14 33 40 40 39 10 2 42 26 22 42 41 42 10 41 42 40 35 33 1 33 26 39 
1 33 32 30 38 40 29 34 26 40 24 3 40 39 35 40 21 38 39 38 40 30 7 32 3 11 9 8 30 8 
1 31 33 17 5 12 8 31 21 25 29 4 24 14 31 16 30 38 39 18 25 34 38 40 7 42 29 6 4 28 
34 40 40 10 17 42 15 5 44 44 44 17 35 15 12 1 39 5 44 37 44 29 12 1 29 8 26 27 26 36 
5 32 36 16 33 24 36 16 8 15 27 10 19 38 38 29 13 15 20 19 4 17 36 25 21 34 31 39 23 4 
24 30 37 33 20 30 38 40 24 39 22 29 3 5 15 39 29 29 29 38 37 28 3 32 39 10 28 11 22 8 
18 3 28 26 7 16 23 37 35 3 18 9 33 37 5 20 11 27 33 28 30 38 16 21 12 15 26 21 26 11 
5 18 33 16 15 22 31 13 5 7 33 21 13 30 13 6 1 26 28 19 31 7 26 20 26 1 17 31 27 11 
27 13 29 11 9 29 15 13 27 25 11 29 15 25 21 29 7 16 23 29 14 23 21 17 22 17 20 23 21 17 
24 18 26 14 28 24 23 15 15 18 13 25 25 22 18 14 3 13 18 15 5 19 8 28 18 20 23 12 27 24 
12 22 14 20 20 5 12 20 21 19 22 17 14 11 23 10 17 6 19 21 18 24 16 19 24 14 14 19 18 15 
27 26 30 28 24 27 21 23 21 28 22 23 23 15 30 22 21 14 23 19 23 30 19 25 18 22 21 33 21 20 
14 14 16 1 2 1 5 7 7 1 16 9 1 5 12 7 12 7 9 2 13 1 14 5 7 11 1 13 3 4 
5 11 1 8 17 4 3 13 20 11 9 5 13 5 23 11 11 1 14 3 2 11 14 1 3 1 9 16 15 1 
13 1 14 12 1 13 14 13 9 15 1 3 5 3 14 16 12 4 4 11 12 12 11 2 12 3 13 11 3 5 
20 16 14 4 6 13 21 17 19 15 3 19 4 3 6 13 9 6 21 6 14 21 21 6 20 13 11 16 8 17 
6 2 8 18 16 7 7 17 10 24 22 7 5 15 7 22 2 2 20 4 23 22 7 2 17 9 3 3 5 5 
20 13 8 27 26 32 19 15 11 19 32 18 4 28 26 8 6 25 27 30 20 30 26 24 30 26 28 2 15 6 
19 5 1 29 18 4 33 11 20 22 34 5 30 13 20 28 4 28 26 3 13 27 24 18 26 35 11 30 24 2 
24 4 11 23 25 11 18 21 36 37 23 3 2 28 27 6 24 19 38 37 38 38 26 26 20 6 14 21 22 26 
25 20 15 17 32 27 20 18 21 20 11 10 26 18 18 21 18 16 14 28 22 14 17 22 8 19 23 22 21 24 
26 12 25 21 19 35 39 13 37 40 39 38 30 15 23 40 32 17 26 37 21 15 32 7 40 7 20 26 33 24 
63 31 23 53 65 64 48 28 50 65 30 35 38 42 17 55 34 49 17 38 32 18 33 46 47 65 56 24 62 44 
164 156 162 195 162 34 115 98 183 72 154 85 202 86 190 138 166 214 206 190 97 102 78 156 138 53 204 185 65 183 
100 137 210 53 200 67 231 86 196 124 173 151 219 163 179 194 92 179 228 226 181 228 191 203 234 187 189 190 63 94 
204 176 202 150 79 233 230 220 222 120 218 88 73 204 205 146 85 100 187 21 199 173 150 86 215 103 191 78 87 62 
222 217 195 228 114 208 190 202 143 186 192 204 88 114 236 117 182 215 240 230 171 165 134 186 133 170 69 167 156 90 
219 216 210 185 236 179 175 177 156 51 161 129 209 120 201 216 89 67 87 105 132 169 164 89 156 207 130 122 215 81 
105 140 103 185 146 224 185 136 176 199 104 204 152 151 100 147 190 78 236 199 228 241 145 158 188 197 141 61 86 237 
124 195 69 203 201 222 203 180 182 202 220 90 60 47 68 230 221 223 196 222 190 147 136 171 140 211 236 219 74 119 
109 195 119 229 50 161 180 175 160 206 156 110 210 68 178 132 96 151 61 142 123 180 226 81 226 179 122 145 220 206 
104 57 222 113 218 176 129 172 182 194 95 89 88 146 247 166 126 204 143 218 131 71 119 132 229 170 163 129 212 185 
212 110 201 182 69 210 158 47 57 69 223 126 193 93 53 117 215 118 92 47 197 235 182 200 152 71 186 92 186 211 
56 217 100 186 127 172 185 207 89 139 178 123 228 116 220 141 116 224 181 140 156 155 215 220 190 196 203 159 133 114 
194 174 84 105 115 179 63 170 152 180 141 199 55 70 57 236 133 65 101 218 154 70 70 121 183 218 143 105 210 199 
134 216 164 75 202 104 83 106 95 140 175 135 173 98 59 85 120 152 156 124 82 151 111 70 83 112 67 156 186 175 
47 39 29 61 38 48 29 64 59 67 52 31 66 23 26 29 51 51 58 37 37 43 18 23 49 33 64 63 35 58 
26 15 18 29 23 36 16 22 30 11 34 32 32 30 13 29 24 21 19 34 14 17 23 13 28 10 24 32 7 25 
26 31 16 13 33 24 13 22 18 23 18 22 34 13 22 21 30 10 20 28 15 25 29 17 17 13 18 27 20 23 
23 35 4 15 15 14 30 6 26 10 13 32 5 21 2 35 24 14 27 38 6 25 29 16 20 29 18 3 19 21 
22 23 31 33 39 37 13 25 12 33 31 2 5 6 36 26 8 11 25 31 31 22 3 26 22 29 32 6 6 21 
2 19 25 10 26 4 18 26 25 30 28 16 30 7 1 18 24 30 16 19 21 26 7 12 10 32 24 31 26 14 
17 18 20 19 8 18 2 20 18 20 20 10 24 19 18 18 14 17 17 13 22 21 21 7 12 17 6 1 19 23 
1 19 17 18 12 19 17 5 3 18 3 5 19 21 17 12 14 5 7 5 15 4 1 21 21 3 5 1 18 18 
2 13 11 10 4 12 2 10 4 2 2 13 8 9 2 4 6 2 4 13 13 8 4 4 4 12 11 6 13 4 
2 11 12 4 12 11 11 10 2 11 11 12 12 2 8 11 9 12 11 10 4 9 6 12 2 12 4 12 9 8 
10 11 14 13 6 12 13 6 13 8 6 10 2 1 12 6 14 13 10 4 13 2 6 4 1 6 13 12 2 14 
19 23 23 20 25 32 27 22 26 23 26 27 18 27 19 26 21 31 16 22 20 17 28 32 23 17 30 23 19 19 
13 10 11 19 21 10 15 14 8 20 22 22 9 14 15 12 17 25 24 20 22 14 17 14 18 18 18 14 23 20 
3 15 8 22 23 26 9 16 28 19 25 21 15 19 24 7 9 26 13 14 13 14 10 17 13 13 12 20 25 9 
8 13 21 20 29 17 32 18 30 31 20 20 34 32 22 32 34 10 28 18 19 10 34 18 24 28 33 17 16 30 
15 16 15 8 14 34 12 28 12 23 18 4 12 22 28 8 18 28 10 3 31 16 12 32 26 26 20 33 31 6 
6 27 36 38 9 5 27 15 17 29 34 37 38 22 9 15 29 17 25 17 33 34 12 20 19 17 14 23 30 27 
12 23 26 9 29 37 39 10 7 4 38 37 39 39 24 18 5 15 20 16 20 35 11 29 19 38 2 4 23 38 
5 18 2 32 13 14 22 22 25 18 29 18 7 26 6 35 17 28 19 30 37 34 1 31 14 32 18 28 25 37 
28 38 33 36 9 24 6 15 27 39 44 27 45 35 2 25 5 27 45 15 1 38 39 34 41 41 44 37 4 1 
10 40 28 6 41 40 2 29 6 25 2 1 41 6 3 30 36 31 28 30 27 36 41 32 19 8 30 2 15 35 
40 33 14 39 28 35 25 42 5 41 26 40 23 20 4 5 24 4 13 39 12 35 3 23 34 33 32 5 5 39 
31 41 37 24 10 42 41 41 1 2 1 8 23 37 23 41 1 11 1 37 35 2 37 3 42 1 24 18 41 33 
8 20 19 10 12 7 10 23 17 26 13 26 15 14 25 19 23 18 13 19 11 19 16 7 7 23 13 3 11 25 
27 11 19 22 17 13 8 19 14 23 23 12 16 6 24 24 19 24 22 10 19 25 14 20 18 13 25 16 24 21 
11 14 19 16 8 12 19 7 8 20 15 22 14 8 16 12 7 5 8 18 12 22 11 12 12 14 7 3 5 18 
2 13 8 2 12 4 2 4 15 11 4 1 8 7 14 10 9 4 13 6 14 11 2 10 13 6 6 10 10 13 
8 5 4 5 9 9 5 4 6 6 7 10 8 3 2 5 4 5 5 7 10 8 5 9 7 6 7 7 8 8 
2 5 3 1 3 5 5 5 8 5 4 1 6 6 3 5 4 8 8 7 5 1 7 6 3 6 3 5 6 5 
8 3 4 4 3 8 3 8 6 8 10 7 2 5 5 8 6 10 8 5 6 8 10 4 8 8 7 5 6 9 
6 8 2 6 4 5 6 7 3 2 3 4 6 6 4 8 6 1 6 6 6 7 8 8 8 5 3 6 7 8 
4 6 4 3 8 10 2 5 6 6 5 4 8 4 5 8 5 4 8 8 8 7 6 4 6 8 2 10 10 4 
2 3 1 3 4 2 3 2 1 2 4 1 1 3 3 3 4 2 3 2 1 1 4 3 3 3 2 4 1 4 
8 3 6 3 8 3 5 6 5 4 4 3 1 6 1 3 4 8 5 10 5 4 8 1 3 1 4 3 4 8 
2 2 2 4 8 8 6 6 10 2 4 2 2 8 8 6 2 4 6 2 4 4 6 3 2 2 10 2 6 2 
7 6 8 6 5 8 6 6 6 8 7 5 7 6 6 6 4 7 8 6 4 5 5 7 8 6 8 9 6 7 
1 1 1 1 1 1 1 1 2 1 1 1 2 1 2 1 1 1 1 1 1 1 2 1 1 1 1 1 2 2 
2 1 1 2 2 1 2 2 1 2 2 2 2 1 2 2 2 1 2 2 2 1 2 2 2 2 2 2 2 2 
4 4 2 2 2 2 4 1 2 4 4 2 2 2 4 4 4 4 4 2 4 2 4 4 2 2 4 4 1 2 
2 2 2 2 2 1 2 2 2 2 2 2 2 2 2 2 2 2 2 2 2 2 2 2 2 2 2 2 1 2 
1 1 1 2 2 1 1 1 2 1 1 1 2 1 1 2 1 1 1 1 2 2 1 1 1 1 2 1 1 1 
2 2 2 2 1 2 2 2 2 2 2 2 2 2 2 2 1 2 2 2 2 2 2 1 2 2 2 2 2 1 
2 2 2 1 2 2 1 2 2 2 2 2 1 2 2 2 1 1 2 2 2 2 2 2 1 1 2 2 1 2 
2 2 1 2 4 1 2 4 2 4 4 4 2 2 2 4 1 1 3 2 2 2 3 4 4 2 2 4 4 2 
2 2 1 2 1 2 2 2 2 1 2 2 2 2 2 2 2 2 2 4 2 2 1 2 2 1 2 2 2 1 
2 1 2 1 1 2 2 2 1 2 1 2 2 1 2 1 1 1 1 1 2 1 2 2 2 2 2 2 1 2 
2 2 2 2 2 2 1 2 2 2 2 2 2 2 1 2 2 2 2 2 2 2 2 1 1 2 1 2 1 2 
2 2 1 2 2 2 2 2 2 1 1 1 2 2 2 2 2 2 2 2 1 2 2 1 1 1 1 2 2 1 
1 2 2 1 1 2 2 2 1 1 2 1 1 1 1 2 2 2 2 2 1 1 2 2 1 2 2 2 1 2 
2 1 1 2 2 2 1 2 2 1 2 1 2 2 2 1 2 1 1 2 2 2 2 2 1 1 1 2 2 2 
2 1 2 1 2 2 2 2 1 2 2 2 2 2 2 2 2 1 1 1 2 1 2 1 2 1 2 2 1 2 
2 2 1 1 1 2 2 2 1 1 1 2 2 2 2 2 2 1 1 2 1 1 1 1 2 1 1 1 2 1 
2 1 2 2 1 1 2 1 2 2 1 2 1 2 1 2 1 1 1 2 1 1 2 1 2 1 1 1 1 2 
2 2 2 2 1 2 2 2 2 2 1 2 2 2 1 2 2 2 2 2 2 2 2 2 2 2 2 1 2 2 
2 2 2 1 1 2 1 1 2 2 1 2 1 1 2 1 2 1 2 2 2 2 2 1 1 1 2 2 2 1 
2 2 2 1 1 2 1 1 2 2 2 1 1 2 1 1 2 2 2 1 2 1 1 1 1 1 2 2 2 2 
1 2 1 1 1 1 1 2 1 1 1 1 1 1 2 2 1 1 1 1 2 1 2 1 1 1 2 2 2 2 
1 1 2 2 1 1 2 2 1 2 1 1 1 2 1 2 2 2 1 1 1 2 2 1 1 1 1 2 1 1 
1 1 2 1 2 2 2 1 1 2 1 1 1 1 1 2 1 1 1 1 2 2 2 2 1 2 1 2 1 1 
2 2 1 2 1 2 2 2 2 1 1 2 2 2 1 2 2 2 1 2 1 1 2 2 2 2 2 1 2 1 
1 2 1 2 1 2 1 2 1 2 1 1 2 2 2 2 1 1 1 2 1 2 2 2 2 2 2 2 2 2 
2 1 1 1 1 1 1 2 1 1 1 1 2 2 1 1 1 1 1 2 1 1 1 1 2 1 1 2 1 2 
2 2 2 2 1 1 2 1 1 2 1 2 2 2 2 2 2 1 1 1 2 2 2 2 2 2 2 2 2 2 
1 2 2 2 1 2 1 2 1 2 2 2 2 2 2 2 1 2 2 2 2 2 1 2 1 2 2 2 1 2 
1 2 2 1 1 2 2 1 2 1 2 2 1 1 1 2 1 2 2 2 1 1 2 1 2 1 2 1 2 2 
1 2 1 1 2 1 2 1 1 2 2 1 2 1 2 1 2 2 1 1 1 2 1 2 1 2 2 2 2 1 
1 1 1 1 1 1 1 1 2 2 1 1 2 1 2 1 2 2 1 1 2 1 1 1 1 1 2 2 1 1 
1 2 1 2 1 1 2 1 1 2 2 1 2 2 1 1 2 2 2 1 2 2 2 2 2 1 2 2 1 2 
1 1 1 1 1 1 2 1 1 1 1 1 1 2 2 1 2 2 2 1 2 2 1 2 1 1 1 2 2 2 
1 1 1 2 1 2 1 2 1 1 2 2 1 2 2 2 2 2 2 1 2 2 1 2 2 2 1 2 1 2 
2 1 1 1 1 1 1 1 2 1 2 1 2 2 2 1 1 2 2 1 1 1 1 2 1 1 1 1 1 2 
1 1 1 1 1 2 2 2 2 2 1 1 2 1 1 1 2 2 2 1 1 1 2 2 1 2 1 1 1 2 
2 2 2 2 1 2 2 1 2 2 1 2 1 2 2 2 2 1 2 1 2 2 1 1 1 1 1 2 1 1 
2 1 1 1 1 1 1 1 2 1 2 1 1 1 2 1 1 2 1 2 1 1 1 1 2 1 2 1 1 2 
2 2 1 1 2 1 2 1 1 1 1 2 1 2 2 2 1 2 1 2 2 2 2 1 1 2 2 2 1 1 
2 1 2 2 2 2 2 2 1 2 2 1 2 2 2 1 1 1 2 1 1 1 1 1 1 2 1 1 1 1 
1 2 2 1 1 2 1 1 1 1 1 1 2 2 1 2 2 2 1 2 2 2 2 2 1 2 2 2 1 1 
1 2 2 1 1 1 2 1 1 2 1 2 2 2 1 2 1 2 1 1 2 1 2 2 1 2 2 1 2 1 
1 1 1 1 1 1 1 1 1 1 2 2 1 1 2 2 1 2 1 2 2 2 1 2 1 2 1 1 2 2 
2 1 1 1 2 1 2 1 2 1 2 1 1 1 1 1 1 1 1 1 2 2 1 2 1 1 2 1 1 1 
2 1 1 2 2 1 2 1 2 2 2 2 2 1 1 1 1 1 2 2 2 2 1 1 2 1 2 2 2 1 
2 1 1 1 1 1 2 1 1 1 1 1 1 1 1 1 2 1 1 1 1 1 1 1 1 1 2 1 1 1 
1 2 2 1 2 1 2 2 2 2 2 2 2 2 2 2 1 1 1 1 1 2 1 1 2 2 2 1 1 1 
1 1 2 1 2 2 2 2 2 2 2 2 1 2 2 2 2 2 2 2 2 2 2 2 2 2 1 2 2 1 
2 1 1 2 1 2 1 1 2 1 2 2 1 1 1 1 2 1 2 2 1 1 1 2 2 1 1 2 2 1 
1 1 1 2 2 2 2 1 1 2 2 2 2 2 1 2 2 1 2 1 1 2 2 2 2 2 1 1 2 1 
1 1 2 2 2 1 2 1 1 2 1 1 2 1 2 2 1 2 1 2 1 2 2 2 2 2 2 1 1 1 
2 1 1 1 1 1 1 1 1 2 2 2 2 2 2 1 1 2 2 2 1 2 2 2 1 1 1 1 1 2 
1 2 2 1 2 2 2 1 1 1 2 1 1 1 4 1 2 2 1 2 1 2 1 1 2 1 1 1 1 1 
1 1 2 1 2 1 1 1 1 1 2 2 1 2 1 2 1 1 2 1 2 1 1 1 1 2 2 1 1 2 
2 1 2 1 1 1 1 1 1 2 1 1 1 2 2 2 1 1 2 1 1 2 1 1 1 1 2 1 1 1 
1 2 2 1 2 2 2 1 2 2 2 2 2 1 2 2 2 2 1 1 2 1 2 2 1 2 2 1 1 1 
2 2 2 2 1 2 2 2 2 2 1 2 2 2 2 2 2 2 1 2 2 2 2 2 2 2 2 2 1 2 
2 2 1 2 1 2 2 1 2 2 2 1 2 2 2 1 2 1 1 2 2 2 2 2 2 1 1 2 2 1 
1 1 1 1 1 1 1 1 2 2 2 2 1 1 2 1 2 1 1 1 2 1 2 1 1 1 1 2 1 1 
2 2 2 1 2 2 1 2 1 1 2 2 1 2 1 1 1 2 2 1 2 1 1 1 2 2 1 2 2 2 
2 1 2 2 2 2 2 2 2 1 2 2 1 2 2 2 1 2 2 2 1 2 2 2 1 1 1 2 1 2 
1 1 1 2 1 1 2 1 1 2 2 1 1 1 2 1 2 2 2 2 2 1 2 2 1 2 2 1 2 1 
1 1 2 1 1 1 2 2 1 2 1 1 2 2 2 2 2 1 2 1 2 2 1 1 2 2 2 1 2 2 
1 2 1 1 1 1 1 1 1 2 1 1 2 2 1 2 1 1 1 1 1 1 1 1 1 2 1 1 2 2 
1 2 2 1 2 2 1 2 1 2 2 1 2 1 2 2 2 2 2 1 1 2 1 1 2 1 1 2 1 1 
2 1 1 2 2 1 1 2 2 1 1 2 2 2 2 2 1 1 2 2 2 2 1 1 2 2 2 2 2 2 
2 1 1 2 1 2 2 1 1 2 1 2 1 2 1 1 1 1 2 2 2 2 2 2 1 2 1 2 1 2 
2 1 2 1 1 2 2 1 2 1 2 2 2 1 1 1 2 2 2 1 2 2 1 1 2 2 2 2 2 1 
1 1 2 2 2 1 2 2 2 1 2 1 2 1 2 2 2 1 2 2 2 2 1 1 2 2 1 2 2 2 
2 2 2 2 2 1 2 2 1 2 2 2 2 2 2 2 2 2 2 2 2 1 1 2 1 2 2 1 2 1 
1 2 1 1 1 2 1 2 1 1 1 2 1 1 2 2 1 2 2 1 1 1 1 2 1 2 1 2 1 1 
1 1 1 1 1 1 1 1 1 1 1 1 1 2 1 1 1 1 1 1 2 1 1 2 1 1 1 1 1 1 
1 1 1 1 1 1 1 1 2 1 2 1 2 1 1 2 2 1 1 2 2 2 1 2 1 1 1 2 1 1 
2 2 2 2 2 1 1 1 1 1 1 1 2 1 2 2 2 1 1 1 1 2 1 2 1 1 2 1 1 1 
2 2 1 1 1 1 2 1 1 2 1 1 1 1 1 1 2 2 2 2 1 2 1 2 1 2 2 1 1 1 
1 1 2 2 1 1 1 1 2 1 1 1 1 1 2 2 2 1 2 1 1 2 1 1 1 1 1 2 1 1 
1 1 1 1 1 2 2 1 1 1 1 1 2 1 1 1 1 1 1 1 1 2 1 1 1 1 2 2 1 2 
1 2 2 1 2 1 2 1 1 2 1 1 1 1 2 2 1 2 1 2 1 1 1 1 1 1 1 2 1 1 
1 1 1 1 1 1 1 2 1 1 2 2 2 1 1 1 1 1 1 1 1 1 1 2 1 1 2 1 1 2 
1 2 1 1 1 1 1 2 2 1 1 2 2 1 1 1 1 2 1 1 1 1 1 2 2 1 1 2 2 1 
1 2 2 2 2 2 2 1 2 2 2 2 2 2 2 2 1 2 1 2 1 2 2 2 1 2 2 2 1 2 
1 2 1 2 2 2 2 2 2 2 2 2 1 1 2 2 2 2 2 2 2 2 1 1 2 2 2 2 2 2 
1 2 1 2 1 1 2 1 1 1 2 2 2 2 2 2 2 1 2 2 2 2 2 2 2 2 2 2 2 2 
2 2 2 1 2 2 2 1 2 2 2 2 2 1 1 1 1 1 2 2 1 1 2 1 2 2 2 1 2 2 
2 1 2 2 2 1 2 2 2 2 2 2 2 1 2 2 2 2 2 2 2 1 2 2 2 2 2 2 1 1 
