1 1 1 1 1 1 1 1 1 1 1 1 1 1 1 1 1 1 1 1 1 1 1 1 1 1 1 1 1 1 
1 2 1 2 2 2 2 2 1 1 1 2 2 1 1 2 1 2 2 1 1 2 2 2 1 1 1 1 1 1 
1 1 1 2 1 1 1 1 2 2 1 2 2 1 1 1 1 1 2 2 1 1 1 1 2 1 2 1 1 1 
2 1 2 1 1 2 2 1 1 1 2 1 2 1 2 1 1 2 2 1 2 2 1 2 2 2 1 2 1 2 
1 1 2 1 1 1 1 1 1 1 2 1 1 2 1 1 1 2 1 1 1 1 1 1 2 2 1 1 2 2 
1 2 1 1 2 2 2 1 2 1 1 1 1 1 1 1 1 2 1 1 2 2 1 1 2 1 1 1 1 1 
1 1 1 1 2 1 2 1 2 2 1 2 2 1 1 1 1 2 2 1 1 1 1 1 1 2 1 1 2 1 
2 1 2 1 1 2 1 2 2 1 1 1 2 1 2 2 2 1 2 2 1 2 2 2 2 1 1 1 1 2 
1 1 1 2 1 1 2 1 1 2 1 1 1 1 1 1 1 2 2 1 1 1 1 1 1 1 1 1 2 1 
2 2 1 1 1 2 2 2 2 1 2 2 2 2 2 2 2 1 1 2 2 1 2 2 1 2 2 2 2 2 
2 1 1 2 2 2 2 1 1 2 2 1 2 2 2 2 1 2 2 1 2 2 1 1 1 2 2 1 2 2 
1 1 2 1 2 1 2 1 1 2 2 2 2 1 2 2 2 1 2 2 2 2 2 2 1 2 2 2 2 2 
2 2 2 2 2 2 1 2 2 2 1 2 2 1 2 2 2 2 2 1 2 1 1 2 2 2 2 1 2 2 
2 1 2 1 2 1 2 2 2 1 2 1 1 1 2 2 1 2 2 2 2 2 2 1 1 1 2 2 2 2 
1 2 2 2 2 2 2 2 2 1 1 1 2 2 1 2 2 2 1 2 2 1 2 2 1 2 2 2 2 2 
2 2 1 2 2 1 2 2 2 2 1 2 1 1 1 1 1 1 1 1 2 2 2 2 2 2 2 1 2 1 
1 2 1 2 1 2 1 2 2 1 2 1 2 1 2 2 2 2 2 1 1 2 1 1 2 1 1 1 1 2 
2 2 2 2 2 1 1 1 1 2 1 1 2 2 1 2 2 2 2 2 2 2 1 2 1 1 1 2 1 1 
2 1 1 1 1 1 2 2 1 2 2 1 2 1 1 2 2 2 1 1 2 2 1 1 2 2 1 2 2 2 
1 1 1 2 2 2 2 1 2 1 1 2 2 2 1 1 1 2 2 1 1 1 1 1 2 1 1 2 1 2 
1 2 2 1 1 1 2 2 2 2 2 1 2 1 2 1 1 1 2 1 2 1 1 1 1 2 2 1 2 1 
1 1 2 2 2 1 2 2 2 1 1 2 2 2 1 1 1 1 2 1 2 2 1 1 1 1 1 2 2 2 
2 1 1 1 1 1 1 1 2 1 1 1 2 2 2 2 2 1 1 1 1 1 1 1 1 1 1 2 1 1 
2 2 2 1 1 1 1 2 2 1 2 1 1 1 2 1 2 2 1 2 1 1 2 1 1 1 2 1 2 2 
2 2 2 1 1 1 1 1 1 1 1 2 2 2 1 1 1 1 2 2 1 1 2 2 1 2 1 1 1 1 
2 1 2 1 1 1 2 2 1 2 1 2 1 1 1 1 1 1 2 1 1 2 2 2 2 2 2 2 1 1 
1 1 2 1 1 1 2 2 1 1 1 1 1 1 1 1 1 1 1 1 2 1 1 1 1 2 2 2 1 2 
2 1 2 1 2 1 2 2 2 2 2 2 2 2 1 2 2 2 2 2 2 1 2 2 1 2 2 2 2 1 
2 2 2 2 2 1 2 2 2 2 1 2 2 2 2 2 1 1 2 2 2 2 2 2 1 1 2 2 2 2 
1 1 1 2 1 1 1 1 1 1 1 1 1 1 1 1 1 2 1 1 1 1 1 2 2 1 1 1 1 1 
2 1 2 1 1 2 1 2 1 2 1 2 1 2 1 2 2 2 2 1 1 1 1 2 1 2 2 1 1 2 
1 1 2 1 2 1 2 2 1 1 1 1 1 2 1 2 2 1 2 1 2 1 2 1 2 2 2 1 1 1 
2 1 2 1 1 1 2 2 1 2 1 1 1 1 1 1 1 2 1 1 1 2 1 2 1 1 1 2 2 1 
2 1 1 1 1 1 2 2 1 1 1 1 2 2 1 2 2 1 2 2 1 1 2 1 2 1 2 1 2 2 
2 2 1 1 2 1 2 2 2 2 2 2 2 2 2 1 2 2 2 1 1 1 1 1 1 1 2 2 2 2 
1 2 1 2 2 1 2 1 2 2 2 2 1 1 2 1 1 1 1 2 2 2 1 1 1 2 2 2 1 1 
1 1 2 1 2 1 2 2 2 2 1 1 2 2 2 1 2 2 1 2 1 2 1 2 2 1 2 2 2 2 
2 2 1 1 1 1 2 1 2 1 2 2 2 2 2 1 1 1 2 1 1 1 2 1 1 2 1 1 1 1 
1 1 1 1 1 1 1 1 1 1 1 1 1 1 1 2 1 2 1 1 1 1 2 1 2 1 1 1 1 1 
1 2 1 2 2 1 1 2 1 1 2 2 2 2 1 1 2 2 2 2 2 1 2 1 1 1 1 1 1 2 
1 1 2 1 2 1 2 1 1 2 2 1 1 2 1 1 2 1 2 1 1 1 1 1 1 2 1 1 1 2 
2 2 2 1 2 2 2 2 1 1 2 1 2 1 1 1 1 2 1 1 2 1 1 1 2 1 1 2 2 2 
2 2 2 2 1 2 2 1 2 1 1 2 2 1 2 2 1 2 1 2 2 2 2 2 2 2 2 2 2 1 
2 2 1 2 1 1 2 2 1 2 1 2 1 1 1 2 2 1 1 1 2 2 1 1 1 1 1 2 2 1 
1 1 1 1 1 1 1 2 1 2 1 1 1 1 2 2 1 2 1 2 1 1 2 1 1 2 2 1 2 1 
2 2 1 1 2 1 2 2 1 1 1 2 2 2 1 1 1 1 2 1 1 1 1 1 1 2 2 1 2 2 
2 2 1 2 1 2 2 2 1 1 2 1 2 2 1 1 2 1 2 2 2 2 1 2 2 1 2 2 2 1 
1 2 2 1 2 1 1 1 1 1 2 2 2 2 2 2 2 1 1 1 2 2 1 2 2 2 2 1 1 2 
2 2 2 2 2 2 2 1 2 2 2 1 2 2 2 1 2 1 2 2 2 2 1 1 2 2 1 1 2 2 
1 2 2 1 2 1 2 1 2 2 2 1 1 2 2 2 2 2 2 2 2 1 1 1 2 2 2 2 2 1 
2 2 1 1 1 1 2 1 2 1 2 2 2 2 2 1 1 1 2 2 2 2 2 2 2 2 2 2 2 1 
2 1 1 1 2 2 1 2 2 1 1 2 2 1 1 2 1 1 2 2 2 2 1 2 1 1 2 1 2 2 
1 2 1 1 1 2 1 1 2 2 2 2 1 1 2 1 1 2 2 1 1 2 1 2 1 1 1 1 1 2 
1 1 1 2 1 1 2 1 1 1 2 1 1 2 1 1 1 1 2 1 2 1 2 1 1 1 1 1 2 1 
1 1 2 2 1 2 1 1 1 2 1 1 1 1 1 1 1 2 2 2 1 1 1 1 1 1 2 1 1 1 
1 1 1 1 2 1 1 1 2 1 1 1 1 1 1 1 2 1 1 2 2 1 1 1 1 1 1 2 1 2 
1 2 1 2 1 1 2 1 1 2 1 1 1 2 2 2 1 1 2 1 1 1 1 2 1 1 2 1 1 1 
2 2 2 2 1 2 2 2 1 2 2 1 1 2 1 2 1 1 2 2 2 1 2 2 2 2 2 2 2 1 
2 1 2 1 1 2 2 2 2 2 2 2 1 2 1 2 2 2 2 1 2 2 2 2 2 1 2 2 2 2 
2 1 2 1 1 2 2 1 1 1 1 2 2 2 1 1 1 1 2 2 2 2 1 2 2 2 1 1 1 2 
2 2 2 1 1 2 2 2 1 2 2 2 2 2 1 2 2 1 2 2 2 2 2 1 2 2 2 2 2 1 
2 1 1 1 2 1 2 2 1 1 2 2 1 1 1 1 1 1 1 1 2 1 1 2 1 1 1 1 2 1 
1 1 2 2 2 2 2 2 2 2 2 2 2 2 2 2 2 2 2 1 2 2 1 2 2 1 2 2 2 2 
2 1 1 2 2 2 1 2 1 2 1 1 2 1 1 2 1 2 1 1 2 1 2 2 2 2 1 1 1 1 
2 2 1 1 2 1 2 2 2 2 2 1 2 2 2 1 1 2 1 2 2 2 1 2 1 2 2 2 2 1 
2 1 2 2 2 2 1 2 2 2 1 2 1 2 2 2 2 2 2 2 1 2 2 1 2 2 2 2 1 1 
2 2 2 2 2 1 1 2 1 1 2 1 1 2 1 1 2 1 2 1 1 1 2 1 1 2 1 1 1 1 
1 1 1 1 1 2 1 2 1 1 1 1 1 2 1 2 2 1 1 1 1 1 1 2 1 1 2 1 2 2 
1 1 1 1 1 1 2 2 1 2 2 1 1 1 1 1 1 1 1 2 1 2 2 1 2 1 1 1 1 1 
2 1 1 2 1 2 2 2 2 2 2 1 2 2 1 2 2 1 2 1 2 1 2 2 2 2 2 1 2 1 
1 2 1 2 2 2 2 1 1 1 2 2 2 2 2 2 2 2 2 2 1 2 2 2 2 2 2 1 2 1 
2 1 2 2 1 1 2 2 1 2 2 2 2 2 2 2 2 2 2 1 2 2 1 2 2 2 2 2 1 1 
2 1 1 2 2 2 2 2 1 2 1 2 2 1 2 1 1 1 2 1 1 2 1 2 1 1 2 1 1 2 
2 1 1 2 1 2 1 2 2 2 1 1 2 2 1 2 1 1 1 2 1 2 1 2 2 1 2 1 1 1 
1 2 2 2 1 2 2 2 2 2 2 2 2 2 2 2 1 1 2 2 1 2 2 2 1 2 2 2 2 2 
2 2 1 2 2 1 2 2 2 2 1 2 1 2 2 1 2 2 2 1 1 1 2 2 2 2 2 2 1 2 
1 2 1 1 1 1 2 1 1 1 2 1 1 1 1 1 1 2 1 1 1 1 2 1 1 1 1 1 1 1 
1 1 1 2 1 1 1 2 2 2 1 2 1 1 2 2 2 1 1 2 1 1 1 2 1 1 1 1 1 1 
1 2 1 1 1 2 1 1 1 1 1 1 1 1 1 2 1 1 1 2 1 1 1 2 1 1 1 1 1 1 
1 2 2 2 2 2 2 2 1 2 2 1 2 2 2 2 2 2 1 2 2 2 2 2 1 2 2 2 2 2 
2 2 1 1 2 1 2 2 2 2 2 2 2 2 2 2 2 2 2 1 2 1 2 2 2 2 2 1 2 2 
2 2 2 2 2 2 2 2 2 2 2 2 2 2 2 1 2 1 2 2 1 2 2 2 2 2 1 2 2 2 
2 2 1 2 2 2 2 2 2 1 2 2 2 1 2 2 2 2 2 1 2 2 2 2 2 2 2 2 1 1 
2 2 2 2 1 1 1 1 1 1 1 2 2 2 1 1 2 2 1 1 2 1 1 2 2 2 1 2 1 2 
2 1 1 1 1 1 2 1 1 1 1 2 1 1 2 1 1 1 1 2 2 1 2 2 2 1 1 1 2 1 
2 2 1 1 2 2 2 2 2 2 2 2 2 2 1 2 2 2 2 2 2 1 2 2 2 2 2 2 2 2 
5 6 6 4 6 4 4 6 2 4 4 2 5 2 2 5 2 6 5 4 4 4 2 6 6 5 6 4 4 5 
3 6 4 6 6 2 9 6 6 6 6 10 5 1 2 7 5 2 6 2 6 10 3 1 2 1 6 1 8 3 
8 1 7 8 4 7 5 3 7 4 5 8 7 6 7 2 7 8 5 1 4 1 6 7 7 4 3 9 6 1 
5 1 5 5 5 6 1 5 6 1 3 3 1 5 1 5 3 3 5 1 2 1 5 5 4 3 1 1 1 6 
6 5 4 7 7 8 1 5 5 5 5 4 3 1 5 8 3 3 7 3 1 5 3 7 6 7 1 5 6 5 
3 7 4 7 3 8 5 5 8 6 7 7 7 7 4 5 6 3 8 2 2 2 4 8 2 5 2 4 6 7 
3 1 1 5 4 4 6 3 4 4 3 4 4 1 2 6 3 4 2 4 4 1 5 4 2 4 4 4 5 4 
3 2 1 3 3 3 1 2 1 1 1 1 4 4 2 3 2 3 1 3 1 1 3 3 1 1 1 1 3 3 
5 5 2 3 6 5 1 3 3 3 5 2 1 3 3 4 3 1 5 3 2 4 1 3 3 4 5 5 3 1 
4 5 1 3 3 2 5 1 2 3 3 1 2 4 5 1 4 5 5 3 3 3 5 6 3 1 3 4 3 2 
3 6 8 4 7 6 5 8 6 6 3 3 8 8 3 3 2 7 5 5 5 6 5 3 5 3 7 1 3 3 
5 3 5 5 6 5 6 5 3 5 3 4 3 3 3 5 1 3 5 6 3 5 2 6 3 4 5 5 6 6 
4 4 3 3 4 3 3 4 3 4 3 4 4 3 3 4 4 3 4 3 3 3 4 3 4 3 3 3 4 4 
6 9 1 11 9 10 12 11 7 1 12 12 2 4 10 11 11 12 3 12 3 12 10 12 1 6 1 10 9 1 
10 9 11 12 10 12 1 1 1 11 8 9 5 2 10 11 3 1 11 5 11 3 10 12 11 7 12 9 10 1 
1 7 7 2 7 1 7 7 8 1 7 7 8 7 1 1 1 1 1 1 2 1 4 7 8 7 7 1 1 8 
2 3 13 10 4 9 11 5 10 12 9 11 12 13 5 2 12 4 12 4 5 12 4 12 10 13 13 2 5 4 
7 1 14 7 7 14 9 9 14 9 8 7 9 5 3 3 3 12 10 8 7 7 6 5 6 6 13 5 11 12 
11 1 13 9 5 12 13 5 4 8 16 9 16 14 1 7 11 14 6 11 15 10 14 15 15 10 8 15 9 16 
9 11 12 11 12 3 11 12 8 1 2 7 5 12 11 3 1 2 2 12 5 2 11 12 5 9 5 12 1 2 
7 10 11 7 10 7 11 9 12 8 5 11 12 7 12 11 3 11 11 1 9 8 1 11 12 3 7 11 12 12 
6 3 9 7 10 11 5 1 9 5 1 3 7 12 7 7 6 5 11 10 12 12 7 1 8 11 11 9 7 5 
7 12 8 8 10 7 12 9 5 10 5 7 8 7 9 10 7 7 9 7 3 9 9 9 5 11 7 7 7 9 
5 17 16 13 12 15 7 8 6 16 15 9 8 9 7 12 7 12 10 11 13 16 11 11 7 10 11 12 15 18 
25 14 19 17 20 18 15 15 20 18 16 22 14 13 13 21 16 17 18 17 20 14 11 16 17 19 17 20 23 20 
11 1 27 2 18 18 16 16 11 1 20 7 17 11 25 24 26 1 2 24 28 16 27 4 3 1 21 12 1 24 
23 26 1 21 17 14 29 24 1 1 22 5 27 30 10 29 28 3 3 5 7 28 28 27 25 1 5 3 26 28 
13 10 7 19 23 9 5 31 38 9 24 18 25 11 37 40 2 33 39 34 29 39 35 16 4 25 26 11 37 6 
44 15 11 16 33 28 10 35 40 42 18 21 40 15 22 11 30 30 40 37 47 14 7 15 36 39 21 39 37 23 
11 37 50 42 48 11 13 11 45 47 43 30 22 47 15 12 5 5 16 29 43 48 47 29 33 32 40 48 13 28 
40 14 44 22 42 9 30 5 42 35 30 41 39 5 44 45 40 28 30 27 18 4 32 41 2 4 41 11 43 38 
8 36 7 11 20 43 25 22 15 9 20 19 36 16 37 29 37 16 14 11 33 31 33 11 14 36 40 29 6 18 
2 18 13 19 14 26 29 5 32 21 22 29 22 24 30 24 24 1 30 23 6 12 18 8 12 31 32 23 24 17 
14 22 28 30 32 24 16 38 22 40 33 21 34 42 22 33 18 28 32 44 40 31 22 42 12 26 38 12 20 41 
19 33 19 46 29 26 49 54 25 13 28 16 51 24 55 50 52 28 44 30 27 31 44 32 29 12 17 33 30 11 
62 44 25 29 60 45 51 58 32 19 70 79 49 43 37 46 23 35 47 49 23 52 54 50 52 67 66 50 51 20 
47 56 122 79 74 55 192 134 158 139 174 77 187 222 143 109 153 188 196 171 220 141 68 89 161 130 55 102 94 126 
56 245 68 253 250 186 152 144 68 197 164 236 105 100 111 144 123 191 131 86 211 84 165 187 234 176 164 132 130 187 
68 182 225 195 229 112 187 245 174 203 132 166 153 130 180 103 29 83 232 186 85 180 71 243 131 61 82 109 183 44 
240 116 114 246 232 192 145 195 86 232 128 243 191 99 169 237 121 179 93 147 93 195 234 108 135 96 178 211 135 180 
219 220 149 194 163 228 152 221 184 86 214 104 225 91 109 104 103 228 183 132 240 244 147 247 107 219 178 207 136 240 
87 210 101 186 87 242 233 80 135 169 160 98 239 180 61 105 95 237 142 113 233 97 199 82 82 182 110 145 233 231 
196 233 211 202 170 87 217 170 211 224 180 152 191 147 209 203 208 81 237 70 135 26 244 191 237 152 248 204 197 94 
193 215 198 97 62 242 86 47 187 143 159 135 75 105 52 129 183 70 178 58 195 170 196 201 181 167 216 121 181 112 
185 204 137 231 133 132 228 189 231 59 223 80 81 156 80 178 144 210 191 141 153 153 129 233 194 183 103 118 216 226 
42 139 147 32 196 183 148 216 230 69 238 106 182 216 32 220 117 59 95 150 209 53 89 108 138 214 214 247 81 142 
170 207 199 98 228 244 175 195 41 48 203 232 163 154 198 132 183 97 225 85 180 160 239 210 200 142 170 226 214 214 
217 172 131 210 90 23 223 197 166 184 118 137 217 56 107 237 243 163 171 169 172 51 248 195 77 159 29 183 92 117 
119 178 209 201 125 99 139 140 133 118 215 149 180 213 159 149 160 112 156 58 79 139 161 180 142 152 139 206 70 117 
52 30 17 28 27 33 54 26 20 69 34 20 36 72 70 34 31 69 64 76 38 51 16 36 75 65 50 52 38 64 
19 18 32 29 54 28 51 39 52 31 28 64 23 31 34 28 27 24 39 49 40 21 57 45 44 45 32 26 32 30 
20 26 42 43 26 33 20 24 31 26 30 16 33 42 27 19 40 13 20 12 21 33 23 26 22 30 25 13 31 9 
10 18 13 16 13 12 24 30 15 4 13 17 11 11 23 19 22 32 9 5 20 27 13 15 15 14 6 2 20 17 
43 3 29 27 20 12 27 18 9 7 29 11 3 30 9 42 14 29 24 20 38 6 6 18 25 29 5 43 12 39 
4 41 35 8 31 42 37 39 18 41 13 8 42 44 48 4 29 52 44 8 10 45 46 41 8 31 37 44 35 38 
16 26 32 17 41 23 35 49 30 52 10 46 6 45 27 6 22 25 52 21 35 41 43 43 10 49 41 12 43 49 
1 8 19 1 35 40 9 40 21 33 15 3 36 13 13 41 13 38 10 32 23 34 37 39 22 16 37 3 4 8 
14 37 40 5 15 35 17 40 20 31 39 12 24 4 40 36 4 27 7 29 17 38 4 6 6 14 38 21 33 21 
29 11 12 16 23 28 23 4 30 30 19 28 13 28 16 27 19 4 14 6 23 22 2 17 15 18 28 29 2 22 
10 18 2 23 20 17 10 4 26 4 26 15 26 21 13 4 23 13 13 26 6 2 17 28 16 17 25 7 14 2 
20 17 12 21 14 24 15 21 17 19 21 15 14 13 20 11 14 11 13 22 16 16 16 19 20 18 18 19 9 14 
12 10 16 8 16 16 13 15 18 8 12 17 8 8 11 15 12 12 12 11 9 14 15 14 14 15 8 16 6 14 
8 5 10 10 8 6 9 4 9 8 12 10 10 9 10 12 9 8 10 12 8 10 10 10 9 10 6 8 5 11 
9 4 2 4 6 8 2 5 2 1 6 10 4 9 2 6 8 6 7 10 8 8 12 4 11 8 1 8 8 8 
12 10 12 6 8 12 6 4 1 8 2 12 7 11 12 12 4 4 2 8 12 12 6 12 6 12 10 2 1 10 
8 11 3 12 3 11 3 12 12 11 2 8 9 12 12 12 12 10 11 11 5 12 11 2 12 9 11 2 2 2 
14 11 1 13 9 10 4 15 10 15 13 13 13 13 10 5 3 16 9 12 15 3 11 3 14 16 14 15 11 12 
6 7 9 13 6 7 4 11 12 6 8 11 10 2 13 11 7 3 9 2 12 12 14 12 7 11 4 14 14 6 
10 4 1 13 12 10 13 4 12 13 6 3 13 6 10 3 13 8 1 3 13 3 11 1 4 13 2 2 11 13 
7 2 8 2 8 7 1 1 3 8 8 7 2 2 8 8 8 1 2 2 8 5 2 2 4 4 2 8 7 8 
4 10 10 9 9 3 10 3 10 10 5 8 1 10 9 8 6 3 2 8 6 3 1 8 2 5 9 8 6 10 
12 2 4 6 8 3 6 11 1 4 6 1 8 10 2 9 12 3 3 9 7 11 12 10 4 12 11 8 11 10 
3 4 4 4 3 4 3 3 3 4 4 3 3 3 3 3 3 4 3 3 4 3 4 4 3 3 3 4 3 4 
5 3 4 4 6 6 4 5 3 3 6 3 6 3 5 6 2 6 5 5 6 6 5 6 3 5 3 6 6 3 
8 6 3 8 1 8 6 7 2 5 6 6 8 5 2 3 6 5 6 8 2 6 4 8 7 2 8 3 8 8 
3 2 3 3 5 4 3 4 6 4 6 4 3 5 4 3 4 3 6 2 3 6 4 3 4 6 2 3 5 6 
6 4 1 2 5 3 4 4 3 6 2 6 5 2 5 4 4 2 4 1 4 3 4 6 6 6 2 4 4 6 
4 2 4 4 4 4 4 2 4 1 1 1 4 2 4 3 4 6 1 4 2 4 2 4 4 4 4 1 2 2 
2 4 5 4 3 3 1 5 1 6 2 4 4 2 6 6 6 5 6 2 3 6 2 6 4 4 5 3 2 1 
7 7 3 8 4 5 7 8 6 8 6 8 3 4 3 1 8 4 7 6 2 6 8 6 2 5 8 6 6 4 
3 2 8 6 1 2 2 4 8 3 3 6 9 4 4 6 4 4 6 5 5 4 6 5 4 1 7 6 3 7 
2 2 6 5 4 5 6 2 6 1 6 6 6 1 8 5 3 8 6 3 2 6 2 6 6 5 6 9 6 6 
7 5 9 7 3 8 2 4 6 10 6 7 8 5 4 4 6 5 8 10 6 8 3 9 4 8 8 9 4 7 
8 8 6 8 8 6 6 3 2 10 8 4 6 6 4 10 4 2 6 8 4 6 1 6 7 4 9 8 8 4 
3 6 6 1 4 6 6 3 6 5 2 6 1 6 4 6 6 6 6 5 4 1 6 5 6 4 6 6 1 6 
1 1 1 1 2 1 2 1 1 1 1 1 2 1 2 2 1 1 1 1 1 1 2 1 2 1 1 1 1 1 
2 1 2 2 2 2 1 2 1 1 2 2 2 2 2 1 1 1 1 2 1 2 1 2 2 2 2 2 1 1 
1 1 1 2 1 2 1 2 2 2 1 1 2 1 1 1 1 1 2 2 2 1 1 1 1 1 2 2 1 1 
2 2 2 2 1 1 1 1 2 1 1 1 1 2 1 2 1 2 1 1 2 2 2 2 1 2 1 2 2 1 
1 2 2 1 1 1 1 2 1 2 1 1 1 2 1 1 1 1 1 1 1 1 1 1 2 1 2 1 1 1 
1 2 1 2 1 1 1 1 1 1 2 1 1 1 2 1 1 1 1 1 1 1 1 1 1 1 1 1 1 1 
2 1 1 2 2 1 2 2 2 2 2 2 2 2 2 1 2 1 2 2 1 1 2 2 2 1 2 1 2 2 
2 2 2 2 2 1 2 2 1 2 2 2 2 1 1 2 2 1 2 2 2 2 2 2 2 2 2 1 2 2 
2 2 1 2 1 1 1 2 2 2 2 2 2 2 1 2 2 1 1 2 1 2 1 2 1 1 2 1 1 2 
2 2 2 2 2 2 2 2 1 1 1 2 1 2 2 2 1 2 2 2 2 2 2 2 2 2 2 2 2 1 
1 1 2 1 1 1 2 1 1 1 1 2 1 1 1 1 1 2 2 1 1 1 1 1 1 1 1 1 1 1 
2 1 2 1 2 2 2 1 1 2 1 1 1 1 1 1 1 1 1 2 1 1 1 1 1 1 1 1 1 1 
2 1 1 1 2 1 1 1 1 2 2 1 2 1 2 2 1 2 1 1 1 1 2 1 2 2 1 1 1 2 
2 1 2 2 2 2 1 1 2 1 1 1 2 2 1 2 1 1 2 1 2 1 1 1 1 1 2 2 2 2 
1 2 1 1 1 2 2 1 1 1 1 1 1 1 1 1 1 1 1 1 1 1 1 1 1 1 2 1 1 2 
1 1 1 2 1 1 1 1 1 1 1 1 1 1 1 1 1 2 2 1 2 1 1 1 1 1 1 1 2 1 
1 1 2 2 1 1 1 1 1 1 2 2 1 1 1 1 1 1 1 1 1 1 1 1 2 1 2 1 1 1 
2 1 1 2 2 2 2 1 2 1 2 2 1 2 1 2 1 2 1 1 1 1 1 2 2 2 1 1 1 1 
2 2 2 2 2 2 2 2 1 2 1 2 1 2 2 2 2 2 2 2 2 2 2 2 1 2 1 2 1 2 
1 1 1 2 2 1 1 2 2 2 2 1 1 2 2 2 2 2 1 2 2 2 2 2 2 2 2 2 2 1 
2 1 1 2 1 2 2 2 1 2 1 2 2 2 1 2 2 2 2 2 2 2 2 1 2 2 1 1 2 2 
2 2 2 2 2 1 2 1 2 2 2 1 1 2 2 1 2 2 1 1 2 1 1 1 2 2 2 1 1 1 
2 2 2 1 2 1 2 1 1 1 2 1 2 2 1 2 2 1 1 1 1 2 1 2 2 1 2 2 2 1 
2 1 2 2 2 2 2 1 1 1 1 1 2 2 2 2 1 2 2 1 2 1 1 2 2 2 2 2 2 1 
1 1 1 2 2 1 1 2 1 2 2 2 2 2 2 2 2 2 2 1 2 1 1 2 1 2 2 2 2 1 
1 1 1 2 1 1 1 1 2 1 1 1 1 1 1 1 1 1 1 1 1 2 1 1 1 2 1 1 1 1 
1 2 2 1 2 1 1 1 1 2 1 2 2 2 2 1 1 1 1 1 1 1 1 1 2 2 1 1 1 2 
1 1 2 1 2 2 1 2 2 1 1 1 1 1 1 1 1 2 1 1 2 2 1 2 2 2 1 1 2 1 
1 1 2 2 1 1 1 1 1 2 2 1 1 1 2 1 1 2 1 1 1 1 1 1 2 1 1 1 1 1 
1 2 1 1 1 1 1 2 2 2 2 2 1 1 1 1 1 1 2 1 1 1 2 1 2 2 1 1 2 2 
2 2 2 2 2 2 1 1 2 1 1 2 2 1 2 2 2 2 1 2 1 2 2 2 2 2 1 2 1 2 
1 1 2 2 2 2 2 2 2 2 2 1 2 2 1 2 1 2 2 2 1 2 2 1 1 2 1 2 1 1 
1 2 2 2 2 1 2 1 1 2 2 1 1 2 2 2 2 2 1 2 2 2 1 1 2 2 2 2 2 1 
2 2 1 2 2 2 2 2 1 2 2 1 2 2 2 1 2 2 2 2 1 2 2 2 1 2 2 2 2 2 
2 1 1 1 1 1 2 2 2 1 2 1 1 2 1 1 2 2 1 1 1 2 2 2 1 1 1 1 1 2 
1 1 2 1 1 2 2 1 1 2 2 1 2 2 1 1 2 1 2 1 2 2 1 2 2 2 2 2 2 1 
1 1 2 2 2 2 2 2 1 2 2 2 2 2 1 2 1 2 2 2 2 1 2 2 2 1 2 2 2 2 
1 1 2 2 1 1 2 2 2 2 1 1 2 2 2 2 2 1 2 2 1 2 2 2 2 1 1 1 2 1 
2 1 1 2 2 2 2 2 1 2 1 1 2 2 1 2 2 1 1 2 2 2 2 1 1 2 1 1 1 1 
1 1 2 1 1 2 1 1 1 2 2 1 1 1 1 1 1 2 2 2 1 2 1 1 2 1 1 2 1 2 
2 2 1 2 2 1 2 1 1 1 1 2 1 1 2 2 2 1 1 1 2 2 2 2 2 2 1 2 2 2 
1 1 1 1 1 2 2 2 2 2 2 2 2 1 1 1 2 2 1 1 1 2 1 2 1 1 1 2 1 2 
1 1 2 1 1 2 2 2 2 2 1 1 1 2 2 2 1 2 1 1 1 2 2 2 1 2 1 1 2 1 
2 2 1 2 2 2 2 1 1 2 2 2 2 2 2 1 1 2 2 1 2 2 1 2 1 2 2 2 1 2 
1 1 1 2 2 1 2 1 1 1 2 1 1 1 1 1 1 1 1 2 2 1 1 1 1 1 2 1 1 1 
1 2 1 1 2 1 2 2 1 1 1 1 1 2 2 1 1 2 1 1 1 1 1 2 2 1 1 1 1 2 
1 2 2 2 2 1 1 2 1 2 1 2 2 2 2 2 2 2 2 1 2 2 1 2 2 2 1 2 2 1 
2 1 2 2 2 2 1 2 2 2 2 2 2 2 1 1 1 2 2 2 2 2 2 2 1 1 2 2 2 2 
1 1 1 2 1 2 1 1 2 2 1 1 2 2 2 1 2 2 2 2 1 1 2 1 2 1 1 2 2 1 
2 1 2 2 1 1 1 1 2 2 2 1 1 2 1 1 2 2 1 1 2 2 2 1 2 1 1 2 2 1 
1 1 2 1 1 2 2 2 1 2 1 2 1 2 2 2 2 2 2 2 1 2 1 1 1 2 1 1 2 1 
2 1 2 2 1 2 2 1 2 2 2 2 1 2 2 1 1 2 2 2 1 1 2 1 1 1 1 2 1 1 
2 2 1 1 2 2 2 2 1 2 2 2 1 2 2 2 2 2 2 1 1 2 1 2 1 1 1 1 2 1 
1 1 1 1 1 2 2 1 1 1 1 1 1 1 1 2 1 1 1 1 1 1 1 2 2 1 1 1 2 2 
1 1 2 2 1 1 1 2 2 2 2 1 1 2 2 1 2 2 1 1 2 2 1 2 1 2 1 1 1 1 
1 2 2 1 2 1 2 2 2 2 2 2 2 2 1 1 1 1 2 2 2 2 1 1 2 2 2 2 2 1 
1 2 1 2 1 2 2 1 2 2 1 2 2 2 1 1 2 1 2 2 1 2 1 2 2 2 2 2 2 2 
2 1 1 1 1 1 1 1 1 1 1 1 1 2 1 1 1 1 1 1 1 1 1 1 1 1 1 1 2 1 
1 1 1 1 1 1 1 1 2 2 2 1 1 1 1 1 2 1 2 2 1 1 1 1 1 1 1 2 1 1 
1 2 2 1 2 1 1 1 1 2 2 2 2 1 2 1 2 2 1 2 2 2 2 2 2 2 1 2 1 2 
1 1 1 2 1 1 2 1 2 2 2 1 1 2 2 2 2 1 1 1 1 2 1 2 2 2 2 1 1 1 
2 1 2 1 1 2 2 1 2 2 2 1 2 1 2 2 2 2 2 1 1 2 1 2 2 2 2 2 1 1 
2 2 1 1 1 2 1 1 1 2 1 1 2 1 1 1 1 2 2 2 2 1 2 1 2 1 1 1 2 2 
1 1 1 2 1 2 1 2 1 2 2 1 1 2 1 1 1 1 1 1 1 2 1 2 2 1 2 1 2 1 
2 2 1 1 2 2 1 2 2 2 1 1 2 2 2 2 2 2 1 2 2 1 2 2 1 1 2 2 1 2 
2 2 1 2 2 1 2 1 1 2 1 1 1 2 1 2 1 1 2 2 2 2 1 1 2 2 1 1 1 1 
2 1 2 1 1 1 1 1 1 2 2 1 1 1 1 1 2 1 1 1 2 2 2 1 2 1 1 1 2 2 
2 2 2 1 2 2 2 1 1 2 2 2 2 1 1 2 1 2 2 2 2 2 2 2 1 2 1 2 1 2 
1 2 2 1 2 1 1 2 1 2 1 2 2 2 2 1 2 2 1 2 1 1 1 1 1 1 2 2 2 1 
1 1 1 2 1 1 1 1 1 2 1 2 2 2 1 2 2 1 2 1 1 1 2 2 2 1 1 1 1 2 
1 2 2 1 1 1 1 2 1 1 1 1 2 1 1 1 2 2 2 1 2 1 2 1 1 2 1 2 2 2 
1 1 1 2 2 2 2 1 2 2 2 1 2 1 1 1 2 2 1 1 1 2 2 1 1 1 1 1 1 2 
1 1 1 1 1 1 1 2 2 1 2 1 2 1 1 1 2 1 1 1 2 2 1 1 2 1 2 1 1 2 
1 2 2 1 1 1 1 1 1 2 2 1 2 2 1 1 1 1 2 1 2 1 2 1 1 2 2 1 1 1 
2 1 1 2 2 1 1 1 1 1 1 1 1 2 1 2 2 1 2 1 1 1 1 1 1 2 1 1 1 1 
1 1 2 1 1 1 1 1 1 2 1 2 1 1 1 1 2 1 1 1 1 1 1 1 2 2 1 1 1 2 
1 1 1 2 1 1 1 1 1 1 1 2 2 1 1 1 2 2 2 2 2 2 1 1 2 2 1 1 1 1 
2 2 1 2 2 1 2 2 1 2 2 2 2 2 2 2 2 1 2 2 2 2 1 2 2 1 2 2 1 2 
2 2 2 2 1 2 2 2 2 2 2 1 1 2 2 1 1 1 2 1 2 2 2 2 2 1 2 2 1 1 
2 2 2 1 1 2 1 1 2 2 2 2 2 2 1 1 2 1 2 2 2 2 1 2 2 1 2 2 2 2 
2 2 2 2 2 2 2 1 1 1 2 2 2 2 2 2 2 2 2 2 2 2 2 2 2 2 2 1 2 2 
2 1 1 2 2 2 2 2 2 2 2 2 2 1 1 2 2 2 2 2 1 2 2 2 2 1 2 2 2 2 
1 2 1 1 2 1 1 1 2 2 1 1 1 1 1 1 2 2 2 1 2 1 1 1 2 1 1 2 2 1 
2 2 1 2 2 1 2 1 2 1 2 2 2 1 2 2 1 2 2 2 1 2 1 2 2 2 2 2 2 2 
2 2 1 2 2 2 1 1 2 2 2 1 2 1 1 1 2 2 2 2 1 1 2 2 1 2 2 2 2 2 
