1 1 1 1 1 1 1 1 1 1 1 1 1 1 1 1 1 1 1 1 1 1 1 1 1 1 1 1 1 1 1 1 1 1 1 1 1 1 1 1 1 1 1 1 1 1 1 1 1 1 1 1 1 1 1 1 1 1 1 1 1 1 1 1 1 1 1 1 1 1 1 1 1 1 1 1 1 1 1 1 1 1 1 1 1 1 1 1 1 1 
1 1 2 1 1 1 1 1 2 1 2 1 1 1 2 1 1 1 2 1 1 1 2 1 2 2 1 1 1 1 1 2 1 2 2 2 2 2 1 1 1 2 2 1 1 2 1 2 2 1 1 2 2 2 1 1 1 1 1 1 1 1 1 2 1 1 1 1 2 1 1 1 1 1 2 2 1 1 2 1 2 2 2 1 2 2 2 1 2 1 
2 1 1 2 1 2 1 1 2 1 1 1 2 1 2 1 1 1 2 1 2 1 1 1 2 1 2 2 1 1 1 1 1 2 1 1 1 1 2 2 1 2 2 1 1 1 1 1 2 2 1 1 1 1 2 1 2 1 1 1 1 1 1 1 2 1 1 1 1 1 1 1 2 2 2 1 1 2 1 2 1 2 1 1 2 1 1 2 1 1 
1 1 1 1 1 1 2 1 1 2 1 1 1 2 2 1 1 1 2 1 1 1 1 1 1 1 1 2 1 2 2 1 2 1 1 2 2 1 1 1 2 1 2 1 2 1 1 2 2 1 2 2 1 2 2 2 1 2 1 2 2 2 2 2 2 1 1 2 2 1 2 2 1 2 2 1 2 2 2 2 2 1 2 2 2 1 1 2 2 2 
1 1 1 2 1 1 1 2 1 1 1 1 1 2 1 1 1 1 1 1 1 1 1 1 1 1 1 1 1 1 1 1 2 1 1 1 1 1 1 1 2 1 1 2 1 1 1 2 1 1 1 1 1 1 2 2 1 1 2 2 1 2 1 1 1 1 2 2 2 1 1 2 2 1 1 2 1 2 1 1 1 1 2 1 2 1 2 1 1 1 
1 2 1 1 1 1 2 2 2 1 1 2 1 1 1 1 1 1 1 1 1 2 2 2 1 2 1 1 1 1 1 2 1 1 2 2 2 1 2 1 1 1 1 1 1 1 1 2 1 1 2 2 1 1 2 1 1 1 1 1 1 1 1 1 1 1 1 1 1 2 2 2 1 1 2 1 1 1 1 1 1 1 1 1 1 2 1 1 1 1 
2 1 2 2 2 2 2 2 2 1 1 1 1 2 1 1 1 1 2 1 1 2 1 1 1 1 1 1 2 1 1 1 1 1 2 1 2 1 2 2 1 2 2 1 1 1 1 2 2 1 1 1 1 1 1 2 1 1 2 1 2 2 1 1 1 1 1 1 1 1 2 1 1 1 1 1 1 1 1 1 1 1 1 1 1 1 1 1 1 1 
1 2 1 2 2 1 1 1 2 2 2 2 2 2 1 1 1 1 2 2 2 2 2 1 2 2 2 1 2 2 2 1 2 1 1 2 1 2 2 1 1 1 2 1 2 2 2 1 2 2 1 2 2 2 2 1 1 1 1 2 1 2 2 1 1 1 1 1 1 1 1 1 1 1 1 1 1 1 1 1 1 1 2 1 2 1 1 2 2 1 
2 1 2 1 2 1 2 2 2 2 1 1 2 1 2 2 2 1 1 1 1 2 2 2 2 2 2 2 1 2 1 1 1 2 1 1 2 1 1 2 1 1 1 1 1 1 1 2 2 1 1 1 1 1 1 1 1 1 2 1 2 2 1 1 1 2 2 2 2 2 2 2 2 1 2 2 2 1 2 1 2 1 2 1 1 1 2 1 1 2 
2 2 2 1 2 1 2 2 1 2 2 2 2 1 2 2 2 2 2 1 2 2 2 2 1 1 1 1 1 2 2 2 1 1 1 2 2 2 2 1 2 2 2 2 2 2 2 1 1 2 2 1 2 2 1 2 2 2 2 2 2 1 2 2 2 1 1 2 2 2 2 2 1 2 2 2 1 2 2 2 1 2 2 2 2 2 2 2 2 2 
2 2 2 1 2 1 2 2 2 2 2 1 2 2 2 1 1 1 1 1 1 2 2 2 2 1 2 1 2 1 2 1 1 2 2 2 2 1 1 2 2 1 2 2 2 2 1 2 2 1 2 2 1 1 1 2 2 1 2 2 2 2 2 2 2 2 2 2 2 2 2 2 2 2 2 2 2 2 1 2 2 2 1 1 2 1 1 1 2 1 
1 2 2 1 2 2 1 2 2 2 2 1 2 1 1 2 1 1 1 1 2 1 2 1 1 1 1 2 2 2 1 1 2 1 2 1 2 1 1 2 2 2 2 1 2 2 2 1 2 2 2 2 2 2 1 2 2 2 2 2 1 1 2 2 2 1 1 2 2 1 2 1 2 1 2 2 2 2 1 1 1 2 2 2 1 2 2 2 2 1 
1 2 1 2 2 2 2 2 2 2 1 2 2 2 1 1 1 2 1 1 2 1 2 2 1 2 2 1 1 1 2 2 2 2 2 2 1 2 2 2 1 2 2 1 2 2 2 2 2 1 2 1 1 2 2 2 2 1 2 2 2 2 2 1 1 2 1 2 2 2 2 2 2 2 2 2 1 1 1 2 1 2 2 2 2 2 1 2 2 2 
2 2 1 2 2 1 1 1 1 1 2 2 2 2 2 2 2 2 2 2 1 1 1 2 1 2 2 1 2 2 2 1 2 1 2 1 2 2 2 1 2 1 1 1 2 2 1 2 2 2 2 2 2 1 1 1 2 2 2 2 1 2 2 2 2 1 1 1 2 2 1 2 1 2 2 1 2 1 2 2 1 2 2 2 1 2 2 1 2 2 
1 2 1 1 1 1 2 2 2 2 1 2 1 2 1 2 2 1 1 2 2 2 1 2 2 2 2 1 2 2 1 2 2 2 2 2 2 2 2 1 1 1 2 2 1 2 2 2 1 2 2 1 2 2 1 2 2 2 2 2 2 2 1 2 2 2 2 2 1 1 1 1 2 2 2 1 2 2 2 1 1 2 1 2 1 2 2 2 2 2 
2 1 2 1 2 1 2 2 2 2 1 2 1 1 2 2 1 2 2 2 2 1 2 2 1 1 2 1 2 1 2 2 1 2 2 1 2 2 2 2 1 2 1 1 1 1 1 1 1 1 2 2 2 2 2 2 2 1 2 1 2 2 2 1 1 1 1 1 2 1 1 2 1 1 2 2 1 2 1 1 2 1 2 2 2 1 2 1 1 2 
2 1 1 1 1 1 1 1 2 1 1 2 1 1 1 2 1 1 2 2 1 1 1 1 1 1 2 1 2 1 1 2 1 2 1 2 1 2 2 1 2 1 2 1 2 2 2 2 2 1 1 2 1 1 2 1 1 1 1 2 1 2 1 2 1 1 2 1 2 1 2 2 1 2 2 1 1 2 1 2 1 2 2 1 2 1 1 2 1 2 
2 1 1 1 1 1 1 1 2 2 1 1 1 1 1 2 2 1 1 1 1 1 2 1 1 2 1 2 1 1 2 2 2 2 2 1 1 1 1 2 1 1 2 2 1 2 2 2 2 2 2 2 1 2 1 1 1 2 1 1 2 2 2 1 1 2 2 2 1 2 2 1 1 1 2 1 1 2 1 1 2 1 2 1 1 2 1 1 1 1 
2 2 1 2 1 1 1 2 1 2 2 2 1 1 2 1 2 2 1 1 1 2 1 2 2 2 2 2 1 1 2 1 1 1 1 1 2 2 1 2 2 1 2 1 1 2 2 2 1 1 2 2 1 1 2 2 1 2 2 2 2 1 1 1 1 2 1 1 1 2 2 2 2 2 2 2 1 2 1 1 2 1 2 2 2 2 2 1 1 2 
2 1 2 2 2 2 2 1 1 2 1 1 1 1 2 2 2 1 2 2 2 1 2 1 1 1 2 1 1 2 1 1 1 2 2 2 2 1 2 1 1 2 2 2 1 1 1 2 2 1 1 1 1 1 2 1 1 2 1 2 2 2 2 1 1 1 1 1 1 2 1 2 1 1 1 1 2 1 2 2 2 1 1 1 1 1 2 1 2 1 
1 2 2 2 2 2 1 2 1 1 2 2 1 2 1 1 2 2 2 2 1 1 1 1 2 1 1 1 1 1 1 2 2 1 1 1 2 2 2 2 2 1 2 1 2 1 1 1 2 1 2 1 1 1 1 2 2 1 2 1 2 1 2 1 2 2 1 2 1 1 2 2 1 2 1 1 1 2 2 1 2 2 2 2 1 2 1 2 1 2 
2 1 2 2 1 1 2 2 1 2 1 2 1 1 2 1 1 1 1 2 1 1 1 2 1 1 1 2 2 2 1 1 2 2 2 1 2 2 2 1 1 2 2 2 1 1 1 1 2 1 2 2 1 1 1 1 1 2 2 2 1 1 1 2 1 1 2 1 2 2 2 1 2 2 2 1 1 1 1 2 2 2 2 2 1 2 1 1 1 2 
1 2 1 2 1 1 2 2 2 2 1 2 2 2 2 1 2 1 2 2 2 2 2 2 2 2 1 1 1 1 2 1 1 1 1 1 1 1 2 1 1 1 2 2 2 2 2 1 1 1 1 1 1 1 1 1 1 2 1 1 2 2 2 2 1 1 2 2 2 1 2 2 2 1 1 2 2 1 2 1 1 2 2 2 2 2 2 2 2 1 
1 1 1 2 1 1 1 1 2 1 2 2 2 1 1 2 1 2 1 1 1 1 1 1 1 1 2 2 1 2 2 2 2 1 1 1 1 2 2 1 2 1 1 1 2 1 2 2 1 2 1 1 2 1 1 1 2 1 2 2 2 1 1 2 1 2 1 2 2 2 1 2 1 2 2 2 1 2 2 1 2 1 2 1 2 1 2 1 2 1 
1 1 2 1 1 1 2 2 1 2 2 1 1 1 1 1 2 1 1 1 1 1 2 2 1 2 2 1 1 1 2 2 2 1 1 1 1 1 1 1 1 2 2 2 1 1 1 1 2 2 1 1 2 2 1 2 1 1 1 1 2 1 2 1 2 1 2 1 1 1 1 2 1 1 1 2 2 1 1 1 1 1 2 2 2 1 2 2 2 1 
2 1 2 1 1 1 1 1 2 1 2 2 1 1 2 1 1 1 1 2 1 1 1 1 2 2 1 1 2 1 2 1 2 1 1 1 2 2 1 2 1 2 1 1 1 1 1 1 2 1 1 2 2 2 2 2 2 2 1 1 1 1 1 1 2 1 2 1 2 1 1 2 1 1 1 1 1 1 2 2 1 1 2 1 1 2 1 2 1 1 
1 1 1 2 2 1 1 1 1 1 1 1 1 1 1 1 2 1 1 1 1 2 2 1 1 1 1 1 1 1 1 1 2 1 1 1 2 2 1 1 1 1 1 1 1 1 1 1 1 1 2 1 1 1 1 2 2 2 1 2 2 2 1 1 1 2 2 1 1 2 2 2 2 1 2 1 1 1 2 2 2 1 2 1 1 2 1 2 2 2 
2 1 2 2 1 2 2 2 2 1 2 2 2 2 1 2 1 2 2 1 2 2 2 1 2 1 2 2 2 2 2 1 2 1 2 1 2 2 2 2 2 2 2 2 1 2 2 2 2 2 2 1 2 2 1 2 2 2 2 1 2 2 2 2 1 2 2 2 2 1 2 2 1 1 2 1 2 1 2 2 2 2 2 2 1 1 2 1 2 1 
1 1 1 1 1 2 1 2 1 1 2 2 2 1 1 1 1 2 1 1 1 1 2 1 1 1 1 1 1 1 2 2 2 2 2 1 2 2 2 2 1 2 2 2 2 2 1 1 2 2 2 2 2 2 1 1 2 2 2 2 2 2 2 1 1 1 1 1 2 2 2 2 1 2 2 1 2 1 2 1 2 2 2 2 1 1 2 2 1 2 
2 2 2 1 1 1 2 1 1 1 1 2 1 1 1 1 1 1 1 1 2 1 1 1 1 1 1 1 2 1 1 1 1 2 1 1 1 1 1 1 1 1 1 1 1 1 1 2 1 1 1 1 1 2 2 1 1 1 1 1 1 1 1 1 2 2 2 2 1 2 1 1 2 1 2 1 1 1 1 1 1 2 1 2 2 2 1 2 1 1 
1 1 1 1 1 1 1 2 2 1 2 1 1 2 1 2 2 1 1 2 1 1 1 1 1 2 1 1 1 1 2 1 2 1 1 2 1 2 1 2 1 2 1 2 1 2 2 2 2 1 1 1 1 2 1 2 2 1 1 2 1 1 1 2 2 2 1 2 1 1 2 2 1 1 2 1 1 2 2 2 1 1 1 1 1 1 2 1 1 2 
2 2 1 2 2 2 2 1 1 2 1 2 2 1 2 2 2 2 2 1 2 2 2 2 1 2 2 2 2 2 1 1 2 1 2 1 2 2 1 1 1 1 1 2 1 2 2 1 2 1 2 1 2 1 2 2 2 1 1 1 1 1 2 1 2 2 1 1 2 2 1 1 2 2 2 2 1 1 2 1 1 1 2 1 2 2 1 1 1 2 
2 2 1 2 2 2 2 2 2 2 2 2 2 2 2 2 2 1 2 2 2 2 1 2 1 2 2 2 2 2 2 1 2 1 1 1 2 2 1 2 1 1 1 1 1 1 1 2 1 1 1 2 1 2 1 1 1 2 2 1 2 2 1 2 2 2 1 2 1 1 1 2 1 2 1 2 2 2 1 2 2 1 1 1 2 2 1 2 2 1 
1 2 1 1 2 1 1 1 2 2 2 1 1 2 2 2 2 1 2 2 2 2 2 1 2 2 2 2 1 2 2 1 1 1 1 1 2 2 1 1 1 1 2 2 1 2 2 1 2 2 1 1 2 1 2 1 2 1 2 2 2 1 1 1 2 1 2 1 1 1 1 2 1 2 1 2 1 1 1 2 2 1 1 2 1 2 1 2 1 2 
1 2 2 1 1 1 1 2 2 1 1 1 1 1 2 2 2 2 1 1 1 2 1 1 1 1 1 2 1 2 2 2 1 1 2 1 2 2 2 2 2 2 2 2 2 1 2 2 2 1 1 1 1 1 1 1 2 2 2 2 1 1 1 1 2 2 1 2 2 2 1 2 1 1 2 1 2 2 2 1 2 1 2 2 1 2 1 2 1 2 
1 1 2 2 1 1 2 2 1 2 1 2 1 2 2 2 1 2 1 1 2 1 2 2 2 1 2 1 1 1 1 2 1 2 2 1 2 1 2 2 2 2 1 1 2 1 1 1 1 2 2 2 1 1 1 2 2 2 1 1 1 1 1 1 1 2 2 1 1 2 1 1 2 1 2 2 1 2 1 2 2 1 2 1 1 1 2 2 2 1 
1 1 1 2 2 1 1 1 2 2 1 2 2 1 2 1 2 1 1 1 1 1 2 1 1 1 1 1 2 1 1 1 2 1 2 1 2 2 2 2 1 1 2 2 2 1 2 2 1 2 1 2 1 2 2 1 2 2 2 2 1 2 1 1 2 2 2 1 1 1 1 2 1 1 2 2 2 2 2 2 2 1 1 2 1 2 1 2 1 1 
1 2 1 1 1 2 1 1 1 2 2 2 1 2 1 1 2 1 1 2 2 2 2 1 1 2 1 2 1 1 2 2 1 1 1 1 2 1 2 1 2 2 2 2 2 1 1 1 2 1 1 1 2 1 1 2 1 1 1 1 1 2 1 2 2 1 2 2 2 2 2 1 1 2 2 1 1 1 2 1 2 1 1 1 2 1 1 1 1 2 
1 1 2 1 1 1 2 1 1 2 1 2 1 1 1 1 2 1 1 1 1 1 1 1 1 1 2 2 1 1 1 1 1 1 1 1 1 1 1 1 1 1 1 1 1 2 1 2 1 1 1 1 2 1 2 1 1 1 1 1 1 1 1 1 1 1 1 2 1 1 1 1 1 2 2 1 1 1 1 2 2 2 1 2 1 1 1 1 1 2 
1 2 1 1 1 1 2 1 1 2 2 2 2 1 2 2 2 2 1 1 1 2 1 1 1 1 2 2 2 2 1 2 1 2 2 1 1 2 1 1 2 2 2 2 1 1 2 2 2 2 2 1 2 1 1 1 1 1 1 2 1 1 2 1 1 2 1 2 1 1 1 2 1 2 1 1 1 2 1 1 1 2 2 1 1 2 1 1 1 1 
2 2 2 1 2 2 2 2 2 1 2 2 2 2 1 2 1 2 2 1 2 1 2 1 1 1 2 1 2 2 1 1 2 1 2 1 2 1 1 2 2 1 1 2 1 1 2 1 2 1 1 1 1 1 1 2 1 1 1 2 2 2 1 2 2 2 1 1 1 1 2 1 1 2 1 2 1 1 2 1 1 2 1 1 2 2 2 1 2 1 
1 2 1 1 1 2 1 1 1 1 1 1 1 1 1 1 2 2 1 1 1 2 1 1 1 1 2 2 1 1 2 2 2 1 2 2 2 2 1 1 2 1 2 1 1 1 1 2 1 1 2 1 1 1 2 1 1 2 2 2 1 1 1 1 2 1 1 2 1 2 2 1 1 1 2 2 2 1 2 1 2 1 2 1 1 2 1 1 1 2 
2 1 2 1 2 1 1 2 2 2 2 1 2 2 2 1 2 1 2 2 1 2 2 2 1 2 1 1 2 2 2 2 2 2 1 2 2 1 2 1 1 2 2 1 2 2 1 2 1 2 2 2 2 2 2 2 2 2 2 1 1 2 2 1 2 2 2 1 1 2 2 1 1 2 1 1 1 1 2 1 1 2 2 1 1 2 2 2 1 2 
2 2 1 1 2 1 2 2 2 1 2 2 1 2 2 1 1 1 2 1 2 1 1 1 2 1 1 2 1 1 2 2 1 2 1 1 2 2 1 2 1 2 1 1 1 2 2 1 1 1 2 2 1 1 1 1 1 2 2 1 1 2 2 2 1 1 1 1 1 1 1 1 1 1 1 2 1 2 1 1 1 1 1 2 1 1 1 2 1 1 
2 1 1 2 1 1 1 1 1 2 1 1 1 1 2 1 2 2 1 2 2 1 2 2 2 1 1 1 1 2 1 1 1 1 1 1 1 2 1 2 1 1 1 1 2 2 1 2 1 2 1 1 2 1 1 2 2 1 2 1 1 2 2 1 2 2 1 2 1 1 1 2 2 2 1 2 2 2 2 1 1 2 2 1 1 1 1 1 1 1 
2 2 1 1 2 1 2 2 1 1 1 2 2 1 1 2 2 1 2 2 2 2 1 2 1 2 2 1 1 2 2 2 1 1 2 1 2 2 1 1 1 2 2 2 1 1 1 1 2 1 1 1 1 1 1 2 2 1 2 2 2 2 2 2 1 2 2 2 1 1 2 1 1 2 2 1 2 1 2 1 2 2 2 2 1 2 2 1 1 2 
1 2 1 1 2 2 1 1 1 1 1 2 2 2 2 1 1 2 2 2 1 2 2 1 2 1 2 1 1 2 2 2 1 2 1 2 2 2 1 1 2 1 2 2 1 1 2 1 2 2 2 2 1 2 2 1 2 2 2 1 2 2 2 1 2 1 1 1 1 2 1 2 2 1 2 2 2 2 2 2 2 2 1 2 1 2 1 2 1 1 
1 1 1 2 1 1 2 2 1 2 1 2 2 2 2 2 1 2 1 2 2 2 2 2 1 2 2 2 1 2 1 2 2 1 2 1 1 1 1 1 2 2 2 2 2 2 2 1 1 1 2 2 1 2 2 2 2 1 1 2 1 1 2 2 1 2 2 2 2 1 2 1 1 2 1 2 2 2 1 2 1 1 2 2 1 2 1 1 2 2 
2 2 2 2 2 1 1 1 1 2 1 2 2 1 2 1 2 1 1 1 1 2 2 2 1 2 2 1 1 2 2 2 2 2 2 2 2 1 2 2 2 1 2 2 2 1 2 1 2 2 2 2 1 1 2 2 1 1 2 2 2 1 2 2 2 2 2 1 2 2 1 1 1 2 2 2 2 2 2 1 2 2 2 1 2 2 2 2 1 1 
2 1 2 1 2 2 1 2 2 1 1 1 2 1 2 1 1 2 2 2 2 1 2 1 2 2 2 2 1 1 1 2 2 1 2 1 2 1 2 2 2 1 1 2 2 2 2 2 2 2 2 1 1 1 2 2 2 2 2 1 1 1 2 2 2 1 1 2 1 2 1 2 2 1 1 2 2 1 1 2 2 2 2 1 1 1 2 1 2 1 
1 2 1 2 1 1 1 1 2 2 2 1 2 1 1 2 2 1 1 2 1 2 1 2 2 2 1 1 2 1 2 2 1 1 1 1 2 1 2 1 2 2 2 2 2 1 1 1 2 2 2 2 2 2 2 2 2 2 2 1 2 1 2 2 1 2 1 2 1 2 2 1 1 2 1 2 2 1 2 2 1 2 1 2 1 1 1 2 1 1 
2 1 2 1 1 1 2 2 1 1 2 2 2 1 2 2 1 2 2 2 2 2 1 2 2 2 2 2 1 1 2 1 1 1 2 2 1 2 2 1 1 2 2 1 1 2 1 1 2 2 2 2 1 2 1 1 2 1 2 2 2 2 1 2 1 1 1 2 2 1 1 1 1 2 2 2 1 2 2 2 2 1 2 1 1 2 2 1 2 1 
1 1 1 1 1 2 1 1 1 2 1 1 2 2 2 2 2 1 1 2 1 1 2 2 1 1 1 2 2 1 1 2 1 1 1 2 1 1 2 2 2 2 1 1 2 1 1 2 2 1 1 2 1 2 1 1 1 1 1 2 2 1 2 1 2 1 2 1 2 2 2 1 2 1 1 2 2 1 2 1 1 1 2 1 1 2 1 1 1 2 
1 1 2 2 1 2 1 1 2 2 2 1 2 2 1 2 2 2 2 2 1 2 1 2 2 1 2 2 1 1 1 1 1 2 1 1 2 1 1 1 2 1 1 2 1 1 1 1 2 1 2 1 2 1 1 1 1 1 2 1 2 2 1 2 1 1 2 2 2 2 2 2 1 2 2 2 2 2 2 2 1 2 2 2 2 1 2 1 2 1 
1 1 1 1 1 1 1 1 2 2 1 1 2 2 2 2 1 1 1 1 2 1 2 2 2 2 1 1 2 2 1 1 2 2 1 2 1 1 1 2 1 1 1 1 1 1 1 2 2 2 1 1 1 1 1 1 2 1 1 1 2 2 1 1 2 1 1 1 2 1 2 1 2 1 2 2 2 1 2 1 1 1 1 2 1 2 1 1 2 2 
2 1 2 2 1 2 1 1 2 2 1 1 1 2 1 2 2 2 2 1 2 1 2 2 2 2 1 1 2 1 1 1 1 1 2 1 1 1 2 1 1 1 1 1 1 1 2 1 1 2 2 1 1 1 1 1 1 2 1 2 2 2 2 2 1 2 1 1 1 1 2 1 2 2 1 2 2 1 2 2 2 2 2 1 1 1 2 1 2 2 
2 1 2 2 2 2 2 2 2 1 1 2 1 2 2 1 1 2 2 2 1 1 1 1 1 2 1 2 1 2 1 2 1 2 1 1 2 1 1 2 1 1 1 2 2 2 1 1 2 1 1 1 1 2 1 1 2 1 1 1 1 1 2 1 1 1 1 2 1 1 2 1 1 1 1 2 1 1 2 1 1 1 1 1 1 1 1 2 1 1 
1 2 1 2 1 1 2 2 2 2 1 2 2 2 1 1 2 1 1 1 2 2 1 1 1 2 2 1 1 1 2 2 2 2 1 2 2 2 1 2 2 1 1 2 1 2 1 1 2 2 2 1 2 2 2 2 2 2 2 1 2 1 2 1 2 1 1 1 1 1 1 2 1 1 2 2 1 2 2 2 2 1 1 2 2 2 1 2 1 1 
1 1 1 1 1 1 1 2 1 1 2 1 1 1 1 1 2 2 1 1 1 2 1 1 1 1 1 2 1 1 2 1 2 1 1 2 2 2 2 2 2 2 1 2 1 2 2 2 2 1 2 2 2 2 2 1 2 2 2 2 2 2 2 2 1 2 2 2 1 2 2 2 2 2 1 1 2 1 2 1 1 1 2 2 1 2 1 2 1 2 
1 2 1 1 1 2 1 1 1 2 1 1 2 2 1 2 1 1 1 1 2 2 1 1 1 2 2 1 1 1 2 1 2 1 1 2 2 1 1 1 1 2 2 2 1 1 1 1 2 2 2 2 1 2 2 2 1 1 1 2 2 2 1 2 2 1 1 2 1 2 1 2 1 2 1 2 1 1 2 1 1 2 1 1 2 1 1 1 1 2 
1 2 2 2 1 2 2 2 2 2 2 1 1 1 2 2 1 2 1 1 2 2 1 2 2 1 2 2 2 2 2 2 2 1 1 2 2 2 1 2 2 2 2 2 1 2 2 1 2 2 2 2 2 1 2 2 2 2 2 1 1 1 1 1 1 1 1 2 1 1 1 2 1 2 1 1 1 2 2 2 2 2 1 1 1 1 1 1 1 1 
1 1 1 1 1 1 1 2 1 1 2 1 1 1 2 1 2 2 2 1 1 1 2 1 1 2 1 1 2 1 2 1 1 1 2 1 2 2 1 1 2 2 1 1 1 1 1 1 1 1 2 1 1 2 1 1 1 1 2 1 2 1 2 2 2 2 2 1 2 1 2 1 1 2 2 2 1 1 2 2 1 2 2 2 2 2 2 1 1 2 
1 1 1 1 1 1 1 1 2 2 1 1 1 1 1 2 1 1 2 1 2 1 2 2 1 1 2 1 1 1 1 1 2 2 2 2 2 2 2 2 2 2 2 2 2 2 2 2 2 1 2 2 1 2 2 1 2 2 2 2 1 1 1 1 2 1 1 1 1 2 2 1 1 2 2 1 2 1 1 2 1 1 1 1 1 2 1 1 2 1 
1 2 1 1 1 2 2 2 1 2 2 2 2 1 1 2 2 2 2 1 1 2 2 2 1 2 2 2 1 2 2 1 1 2 2 2 1 2 1 2 1 1 2 1 1 2 1 2 1 1 2 1 2 2 2 2 1 1 1 1 1 1 1 1 2 1 1 2 2 1 1 1 1 2 2 2 2 1 2 2 2 1 2 2 1 1 2 2 1 2 
2 1 1 1 1 1 1 2 2 2 2 2 2 2 1 2 1 2 1 1 2 2 2 2 1 1 2 2 2 1 2 2 1 1 2 1 2 2 2 2 2 1 2 2 2 1 1 2 1 2 2 2 1 2 1 2 2 2 2 1 1 1 2 1 2 2 1 1 2 2 2 2 1 1 2 1 1 1 1 1 2 1 1 1 1 1 1 2 2 2 
1 1 2 2 1 2 1 2 1 2 2 1 2 1 2 2 1 1 2 2 2 1 1 2 1 1 2 2 2 1 2 1 2 2 2 2 1 2 2 2 1 2 1 2 2 2 2 2 2 2 1 2 2 1 2 2 2 2 1 1 2 1 1 1 2 2 2 1 2 1 1 1 2 1 2 2 2 2 2 1 1 1 2 1 2 2 2 2 2 1 
1 2 1 2 2 1 1 1 1 1 1 1 2 2 2 1 2 2 1 1 2 1 2 2 1 2 2 1 2 2 2 2 2 2 2 1 1 2 1 1 2 1 1 2 1 1 2 1 2 1 1 1 2 1 1 2 1 1 1 1 2 2 1 1 2 1 2 1 2 2 2 1 1 2 1 1 1 1 1 2 2 1 1 2 2 1 2 2 1 1 
2 1 1 2 1 2 2 1 1 2 1 2 1 1 2 1 2 2 2 1 1 2 1 1 1 2 2 1 2 2 1 1 1 1 1 2 1 2 1 1 1 1 1 2 1 2 2 1 1 1 1 1 1 2 1 1 2 1 2 2 1 1 2 2 2 1 1 2 2 1 2 1 2 2 2 1 1 1 1 2 2 1 1 1 1 1 1 1 1 2 
1 1 1 1 1 1 1 1 1 1 1 1 2 2 2 1 1 1 1 1 2 1 1 1 2 1 2 2 1 1 1 1 1 1 1 1 2 2 1 2 2 1 1 1 1 1 1 1 1 2 1 2 2 1 2 1 1 1 1 1 1 1 1 1 1 1 1 2 1 2 1 2 1 2 2 2 1 1 1 1 2 1 2 1 2 2 1 1 2 1 
1 2 1 1 1 1 2 2 1 2 1 1 2 2 1 2 1 1 2 1 2 2 1 1 2 1 1 1 2 2 2 1 1 2 1 2 2 2 2 2 2 1 2 2 1 2 2 1 2 1 2 1 2 2 2 2 2 1 2 1 2 1 1 1 2 2 2 2 2 2 2 1 2 1 1 1 1 2 2 2 1 1 1 1 2 2 1 2 2 2 
1 1 1 1 1 1 1 2 1 2 1 1 1 2 2 2 2 2 1 2 2 2 2 1 2 1 2 2 2 1 1 2 1 2 2 2 2 1 1 1 2 2 2 2 2 2 2 2 2 2 1 2 2 2 2 2 2 1 2 1 1 1 1 2 2 1 1 1 1 1 1 1 1 1 1 1 1 1 1 1 1 1 2 2 1 1 1 2 2 2 
1 1 1 1 1 2 2 2 1 1 1 2 2 1 1 1 1 2 1 2 1 1 1 2 1 2 1 1 2 1 2 1 2 2 1 1 2 2 1 2 2 2 2 2 2 2 2 2 2 1 2 2 1 2 2 2 2 2 1 1 2 2 1 1 2 2 2 2 1 2 2 1 1 1 2 1 2 1 1 2 2 1 1 1 1 1 1 2 2 1 
1 2 1 1 1 2 2 1 1 2 2 2 2 2 1 1 1 2 1 1 1 2 2 1 1 1 1 2 2 2 2 1 1 2 2 2 2 2 1 2 1 2 2 1 2 1 1 1 2 1 1 2 1 2 1 1 2 1 1 2 2 2 1 1 2 2 1 1 1 2 2 2 1 2 2 1 2 2 2 2 1 2 2 1 1 2 1 2 2 1 
2 2 1 1 1 2 1 2 1 1 2 2 2 2 2 1 2 2 1 2 2 1 2 2 1 2 2 1 2 2 2 1 1 2 1 2 1 2 2 2 1 1 2 2 1 2 1 1 1 2 1 2 1 2 2 1 2 1 1 1 1 1 1 2 1 1 1 2 1 1 1 1 1 1 1 1 2 1 1 1 1 1 1 2 1 1 1 1 1 2 
1 1 2 1 1 2 2 2 2 2 1 1 2 2 2 1 2 2 1 2 1 2 2 1 2 2 1 2 2 1 1 2 2 2 1 2 2 2 2 2 2 2 2 2 2 2 1 1 2 2 1 2 2 2 1 2 2 2 2 2 2 2 1 2 2 1 1 1 1 2 1 2 2 1 2 2 2 1 1 1 2 2 2 2 1 1 2 2 1 1 
2 1 1 1 1 1 1 1 1 1 2 1 1 1 1 1 2 1 1 1 1 1 1 1 1 1 1 1 1 1 2 2 1 2 2 1 2 2 2 2 1 2 1 2 2 1 2 2 2 1 1 1 2 2 2 2 2 2 1 2 1 1 2 1 1 2 2 2 1 1 2 1 1 1 2 1 2 2 1 2 1 2 2 1 1 1 2 1 2 1 
1 1 1 1 2 1 1 1 1 2 1 1 1 1 1 1 2 2 1 1 2 2 1 2 1 2 2 2 1 1 1 2 1 1 1 1 2 1 1 1 2 1 1 1 1 1 1 2 1 1 1 1 2 1 1 1 1 1 1 1 2 2 2 2 2 1 2 1 2 2 1 2 2 2 1 1 1 2 1 2 2 1 2 2 2 2 2 1 1 2 
2 1 1 1 1 2 1 4 1 1 2 1 2 1 1 2 1 1 1 1 1 1 1 1 1 1 2 2 4 1 1 1 1 2 1 1 1 2 2 2 1 2 1 1 2 2 2 1 1 2 1 1 1 2 1 1 1 1 1 1 2 1 1 2 1 1 2 2 1 1 1 2 2 1 1 2 1 2 2 2 1 2 1 1 1 1 1 2 1 1 
3 3 5 1 2 1 3 3 1 2 3 3 3 2 1 3 1 1 1 3 1 3 2 1 1 2 3 1 3 1 1 2 1 1 1 2 1 1 1 1 1 1 1 1 1 2 1 1 1 2 1 1 1 2 1 1 1 1 1 1 2 1 1 1 2 1 1 1 1 2 1 1 2 1 2 1 2 1 1 1 1 1 1 1 1 1 2 1 2 1 
1 1 1 2 1 1 1 1 1 1 1 1 1 1 2 1 2 1 2 1 2 2 1 2 1 2 2 2 1 1 1 2 2 2 2 2 2 2 1 2 2 1 2 2 2 2 2 2 1 2 2 2 2 2 1 2 2 2 2 2 1 1 1 1 1 1 1 1 1 1 1 1 2 2 2 2 1 1 1 1 1 1 2 1 1 1 1 1 1 1 
1 2 2 1 1 2 1 1 2 2 1 1 1 2 1 1 1 1 1 2 1 1 1 1 1 2 1 1 1 1 2 2 1 1 2 1 2 2 2 2 2 2 2 2 2 2 2 2 2 1 2 1 2 2 2 2 2 1 2 2 1 1 2 2 1 1 1 2 2 1 2 1 1 1 1 1 1 1 1 1 1 2 2 1 1 1 1 1 1 1 
2 2 2 2 2 2 2 2 2 2 2 2 2 2 2 1 2 1 1 1 2 2 2 1 1 2 2 2 2 2 2 2 2 2 2 2 2 2 2 2 2 2 2 2 2 1 2 1 2 2 1 2 2 2 2 2 1 2 2 2 2 2 1 2 2 2 2 2 2 1 1 1 2 2 1 2 2 2 1 2 2 1 2 2 1 2 1 2 2 2 
1 1 1 1 2 1 1 2 1 1 1 1 1 1 1 1 1 1 1 2 1 1 1 1 2 1 1 1 2 1 2 2 1 2 2 2 2 2 2 1 2 2 2 1 2 2 2 2 2 1 2 2 2 2 2 2 2 2 1 1 1 1 1 1 1 2 1 2 1 2 1 1 2 2 1 1 1 2 1 1 1 1 1 1 2 1 1 1 2 1 
3 1 4 3 4 4 4 2 1 1 3 3 3 1 3 1 4 1 1 4 4 3 2 3 3 2 3 1 3 3 2 2 2 2 1 1 1 1 1 1 1 2 2 2 1 1 2 2 1 1 2 1 1 2 2 2 1 2 1 2 1 1 1 2 1 2 1 1 1 2 2 1 1 2 1 2 1 2 1 2 1 2 2 2 2 1 2 2 1 2 
1 2 1 1 1 1 1 2 2 1 1 1 1 2 2 1 2 1 1 2 1 1 1 2 1 1 1 1 2 1 2 1 1 1 1 1 2 1 1 1 1 2 1 1 2 1 1 1 1 2 2 1 2 2 2 1 1 1 2 1 1 2 1 1 1 1 1 1 1 1 1 1 1 1 2 1 1 1 1 2 1 1 1 1 1 1 1 1 1 1 
2 2 2 2 2 2 2 2 1 1 1 2 2 2 2 2 2 2 2 2 2 2 2 2 2 2 2 2 2 2 2 2 1 1 2 2 2 2 2 2 2 2 2 2 1 2 2 2 2 2 2 1 2 2 2 2 2 2 2 2 2 1 2 1 1 2 1 2 2 2 2 2 2 2 2 1 1 2 2 2 2 2 2 2 2 1 2 2 2 2 
8 7 8 4 7 5 7 8 7 8 8 7 8 8 5 5 7 6 5 6 8 5 5 6 5 5 5 8 5 8 5 6 6 4 6 4 4 6 2 4 4 2 5 2 2 5 2 6 5 4 4 4 2 6 6 5 6 4 4 5 5 5 1 3 4 6 5 4 5 6 5 2 6 6 5 6 4 6 4 6 6 6 4 5 6 4 6 6 4 5 
8 1 5 1 1 10 1 1 2 3 5 1 1 3 1 3 1 5 5 9 1 3 5 1 5 1 5 5 5 1 3 6 4 6 6 2 9 6 6 6 6 10 5 1 2 7 5 2 6 2 6 10 3 1 2 1 6 1 8 3 3 8 8 6 8 2 6 8 2 2 6 9 8 10 4 6 2 3 7 8 4 3 2 6 5 1 3 1 9 9 
3 7 7 5 4 5 3 1 4 3 5 4 4 8 5 2 8 2 9 3 1 1 7 2 6 4 3 5 2 7 8 1 7 8 4 7 5 3 7 4 5 8 7 6 7 2 7 8 5 1 4 1 6 7 7 4 3 9 6 1 8 10 10 3 10 8 6 2 3 10 6 7 5 8 8 7 9 8 2 6 8 6 5 2 6 10 7 4 10 8 
4 1 1 3 4 3 2 2 1 3 1 6 4 3 3 4 2 4 6 4 3 2 4 3 3 4 1 2 1 4 5 1 5 5 5 6 1 5 6 1 3 3 1 5 1 5 3 3 5 1 2 1 5 5 4 3 1 1 1 6 5 3 1 1 3 4 3 5 7 6 3 7 3 6 3 1 5 3 3 7 5 4 5 1 5 1 7 5 7 7 
6 2 8 1 7 9 8 3 8 9 6 3 5 5 5 8 7 3 7 8 6 3 6 7 5 7 7 9 2 5 6 5 4 7 7 8 1 5 5 5 5 4 3 1 5 8 3 3 7 3 1 5 3 7 6 7 1 5 6 5 8 1 7 7 5 10 8 5 3 3 1 9 9 6 7 7 1 7 4 5 5 1 1 10 5 3 7 10 5 5 
6 3 1 8 7 8 5 5 3 8 5 6 2 6 6 5 5 1 8 1 8 4 2 5 6 1 5 3 8 1 3 7 4 7 3 8 5 5 8 6 7 7 7 7 4 5 6 3 8 2 2 2 4 8 2 5 2 4 6 7 9 2 8 7 3 10 10 5 1 2 7 9 5 1 10 10 7 3 8 6 1 10 1 1 6 4 2 6 10 9 
6 6 5 6 8 8 6 3 3 8 10 9 8 5 2 2 9 7 5 5 4 7 5 1 5 6 5 1 7 2 3 1 1 5 4 4 6 3 4 4 3 4 4 1 2 6 3 4 2 4 4 1 5 4 2 4 4 4 5 4 4 4 1 6 7 7 1 5 5 1 6 6 6 2 3 1 2 5 6 5 7 5 4 3 6 3 5 3 5 7 
8 4 8 4 6 4 2 3 7 7 8 5 6 3 3 5 4 3 6 5 8 5 4 5 6 1 5 1 4 5 3 2 1 3 3 3 1 2 1 1 1 1 4 4 2 3 2 3 1 3 1 1 3 3 1 1 1 1 3 3 1 1 1 2 3 4 4 4 3 3 1 4 1 1 3 3 3 2 3 3 3 1 3 4 1 4 4 1 3 1 
1 6 9 4 9 5 6 4 9 4 3 2 4 7 6 1 4 7 4 3 3 3 8 7 4 4 3 7 6 8 5 5 2 3 6 5 1 3 3 3 5 2 1 3 3 4 3 1 5 3 2 4 1 3 3 4 5 5 3 1 4 1 4 2 3 1 4 3 4 3 3 1 4 4 3 2 2 1 4 3 1 1 1 1 3 2 3 1 3 3 
2 7 2 13 14 14 5 7 16 12 15 4 13 6 14 12 4 8 6 13 5 12 16 14 6 7 14 10 6 10 4 5 1 3 3 2 5 1 2 3 3 1 2 4 5 1 4 5 5 3 3 3 5 6 3 1 3 4 3 2 5 3 4 4 4 4 4 2 1 6 5 3 1 6 3 4 3 6 3 3 2 6 3 4 4 3 2 4 3 3 
8 20 11 17 13 19 7 3 19 15 22 15 12 10 8 6 11 10 18 16 20 15 19 17 6 6 17 18 6 21 3 6 8 4 7 6 5 8 6 6 3 3 8 8 3 3 2 7 5 5 5 6 5 3 5 3 7 1 3 3 4 5 10 5 10 4 1 4 3 10 6 6 4 9 4 9 4 5 8 6 6 7 7 8 9 3 8 6 3 7 
7 23 19 13 23 22 20 28 16 26 14 22 18 18 15 17 19 17 24 10 13 7 18 11 28 9 13 9 15 23 5 3 5 5 6 5 6 5 3 5 3 4 3 3 3 5 1 3 5 6 3 5 2 6 3 4 5 5 6 6 7 5 12 11 12 12 7 10 8 10 8 12 8 7 8 8 12 6 9 3 9 8 6 12 8 12 8 7 11 8 
22 18 11 5 22 13 14 17 12 6 20 24 13 11 13 8 15 16 7 11 14 20 17 22 24 21 18 24 7 19 4 4 3 3 4 3 3 4 3 4 3 4 4 3 3 4 4 3 4 3 3 3 4 3 4 3 3 3 4 4 9 3 5 8 8 7 3 8 6 10 10 3 3 8 5 5 9 10 8 5 6 7 9 10 7 7 5 7 6 7 
6 32 26 42 42 1 22 14 33 40 40 39 10 2 42 26 22 42 41 42 10 41 42 40 35 33 1 33 26 39 6 9 1 11 9 10 12 11 7 1 12 12 2 4 10 11 11 12 3 12 3 12 10 12 1 6 1 10 9 1 3 1 7 19 7 10 24 7 14 12 11 24 5 1 21 1 28 28 24 10 27 11 1 7 24 5 15 19 25 2 
1 33 32 30 38 40 29 34 26 40 24 3 40 39 35 40 21 38 39 38 40 30 7 32 3 11 9 8 30 8 10 9 11 12 10 12 1 1 1 11 8 9 5 2 10 11 3 1 11 5 11 3 10 12 11 7 12 9 10 1 23 27 21 6 13 26 5 5 19 6 27 28 16 19 17 8 13 25 27 3 17 7 28 27 20 19 3 20 17 26 
1 31 33 17 5 12 8 31 21 25 29 4 24 14 31 16 30 38 39 18 25 34 38 40 7 42 29 6 4 28 1 7 7 2 7 1 7 7 8 1 7 7 8 7 1 1 1 1 1 1 2 1 4 7 8 7 7 1 1 8 25 23 5 23 27 13 28 10 5 6 14 8 26 23 1 14 3 7 1 26 18 18 27 4 27 7 11 6 7 11 
34 40 40 10 17 42 15 5 44 44 44 17 35 15 12 1 39 5 44 37 44 29 12 1 29 8 26 27 26 36 2 3 13 10 4 9 11 5 10 12 9 11 12 13 5 2 12 4 12 4 5 12 4 12 10 13 13 2 5 4 33 20 4 3 30 21 6 32 31 20 2 3 30 32 17 6 29 18 24 10 29 20 28 25 1 12 18 3 28 19 
5 32 36 16 33 24 36 16 8 15 27 10 19 38 38 29 13 15 20 19 4 17 36 25 21 34 31 39 23 4 7 1 14 7 7 14 9 9 14 9 8 7 9 5 3 3 3 12 10 8 7 7 6 5 6 6 13 5 11 12 20 23 7 28 15 20 30 32 18 18 4 3 11 1 32 22 32 26 1 15 4 5 11 9 5 30 7 8 21 3 
24 30 37 33 20 30 38 40 24 39 22 29 3 5 15 39 29 29 29 38 37 28 3 32 39 10 28 11 22 8 11 1 13 9 5 12 13 5 4 8 16 9 16 14 1 7 11 14 6 11 15 10 14 15 15 10 8 15 9 16 34 24 29 7 31 12 30 34 33 5 31 10 1 18 16 3 20 13 26 23 36 26 24 29 7 7 14 29 12 28 
18 3 28 26 7 16 23 37 35 3 18 9 33 37 5 20 11 27 33 28 30 38 16 21 12 15 26 21 26 11 9 11 12 11 12 3 11 12 8 1 2 7 5 12 11 3 1 2 2 12 5 2 11 12 5 9 5 12 1 2 12 6 9 19 18 5 27 30 24 23 27 23 17 1 24 3 13 29 11 12 3 25 29 27 27 1 10 30 30 7 
5 18 33 16 15 22 31 13 5 7 33 21 13 30 13 6 1 26 28 19 31 7 26 20 26 1 17 31 27 11 7 10 11 7 10 7 11 9 12 8 5 11 12 7 12 11 3 11 11 1 9 8 1 11 12 3 7 11 12 12 1 5 20 9 26 17 22 9 22 15 18 1 7 3 22 20 26 27 23 26 16 26 11 7 1 24 7 9 15 9 
27 13 29 11 9 29 15 13 27 25 11 29 15 25 21 29 7 16 23 29 14 23 21 17 22 17 20 23 21 17 6 3 9 7 10 11 5 1 9 5 1 3 7 12 7 7 6 5 11 10 12 12 7 1 8 11 11 9 7 5 19 25 27 15 9 21 9 27 17 3 9 25 9 9 21 11 20 10 7 11 10 23 17 9 11 20 15 20 27 7 
24 18 26 14 28 24 23 15 15 18 13 25 25 22 18 14 3 13 18 15 5 19 8 28 18 20 23 12 27 24 7 12 8 8 10 7 12 9 5 10 5 7 8 7 9 10 7 7 9 7 3 9 9 9 5 11 7 7 7 9 5 18 18 26 19 16 23 9 15 9 17 28 24 21 16 7 15 11 19 13 11 5 23 12 13 9 16 13 21 7 
12 22 14 20 20 5 12 20 21 19 22 17 14 11 23 10 17 6 19 21 18 24 16 19 24 14 14 19 18 15 5 17 16 13 12 15 7 8 6 16 15 9 8 9 7 12 7 12 10 11 13 16 11 11 7 10 11 12 15 18 26 11 20 13 19 24 9 20 23 24 22 16 20 22 11 17 16 5 21 20 15 16 25 14 20 5 19 7 4 16 
27 26 30 28 24 27 21 23 21 28 22 23 23 15 30 22 21 14 23 19 23 30 19 25 18 22 21 33 21 20 25 14 19 17 20 18 15 15 20 18 16 22 14 13 13 21 16 17 18 17 20 14 11 16 17 19 17 20 23 20 26 16 11 24 19 28 23 24 31 30 25 29 23 31 20 26 24 30 15 31 32 20 17 32 23 18 24 21 7 24 
14 14 16 1 2 1 5 7 7 1 16 9 1 5 12 7 12 7 9 2 13 1 14 5 7 11 1 13 3 4 11 1 27 2 18 18 16 16 11 1 20 7 17 11 25 24 26 1 2 24 28 16 27 4 3 1 21 12 1 24 7 11 15 15 7 12 18 19 5 7 21 3 12 21 3 9 13 5 3 23 7 11 18 13 15 9 23 23 11 21 
5 11 1 8 17 4 3 13 20 11 9 5 13 5 23 11 11 1 14 3 2 11 14 1 3 1 9 16 15 1 23 26 1 21 17 14 29 24 1 1 22 5 27 30 10 29 28 3 3 5 7 28 28 27 25 1 5 3 26 28 14 2 6 16 20 2 2 4 16 6 2 34 19 26 2 24 8 25 25 28 32 19 15 25 2 27 4 19 4 24 
13 1 14 12 1 13 14 13 9 15 1 3 5 3 14 16 12 4 4 11 12 12 11 2 12 3 13 11 3 5 13 10 7 19 23 9 5 31 38 9 24 18 25 11 37 40 2 33 39 34 29 39 35 16 4 25 26 11 37 6 1 8 28 13 1 27 32 6 14 28 1 27 3 14 13 30 24 9 24 27 25 26 9 27 23 3 5 28 25 6 
20 16 14 4 6 13 21 17 19 15 3 19 4 3 6 13 9 6 21 6 14 21 21 6 20 13 11 16 8 17 44 15 11 16 33 28 10 35 40 42 18 21 40 15 22 11 30 30 40 37 47 14 7 15 36 39 21 39 37 23 8 31 5 23 23 31 6 1 35 27 2 29 12 26 34 28 6 29 4 29 19 19 5 6 9 32 2 14 24 28 
6 2 8 18 16 7 7 17 10 24 22 7 5 15 7 22 2 2 20 4 23 22 7 2 17 9 3 3 5 5 11 37 50 42 48 11 13 11 45 47 43 30 22 47 15 12 5 5 16 29 43 48 47 29 33 32 40 48 13 28 14 29 9 24 3 1 13 7 16 19 3 19 23 2 2 15 1 7 20 20 18 34 10 16 24 11 16 7 19 17 
20 13 8 27 26 32 19 15 11 19 32 18 4 28 26 8 6 25 27 30 20 30 26 24 30 26 28 2 15 6 40 14 44 22 42 9 30 5 42 35 30 41 39 5 44 45 40 28 30 27 18 4 32 41 2 4 41 11 43 38 18 2 7 3 12 24 15 9 3 10 9 24 4 10 18 2 7 14 13 4 24 22 22 7 2 22 9 5 5 10 
19 5 1 29 18 4 33 11 20 22 34 5 30 13 20 28 4 28 26 3 13 27 24 18 26 35 11 30 24 2 8 36 7 11 20 43 25 22 15 9 20 19 36 16 37 29 37 16 14 11 33 31 33 11 14 36 40 29 6 18 25 13 15 4 19 9 2 5 15 10 14 18 20 17 15 13 18 8 9 25 15 1 13 16 6 32 13 26 15 19 
24 4 11 23 25 11 18 21 36 37 23 3 2 28 27 6 24 19 38 37 38 38 26 26 20 6 14 21 22 26 2 18 13 19 14 26 29 5 32 21 22 29 22 24 30 24 24 1 30 23 6 12 18 8 12 31 32 23 24 17 32 16 16 20 18 44 32 34 19 16 36 22 29 15 9 19 10 24 48 9 10 20 13 17 39 34 34 22 21 6 
25 20 15 17 32 27 20 18 21 20 11 10 26 18 18 21 18 16 14 28 22 14 17 22 8 19 23 22 21 24 14 22 28 30 32 24 16 38 22 40 33 21 34 42 22 33 18 28 32 44 40 31 22 42 12 26 38 12 20 41 29 35 23 17 30 18 29 19 32 38 21 20 33 31 34 35 18 16 29 21 12 32 24 22 7 4 8 9 32 6 
26 12 25 21 19 35 39 13 37 40 39 38 30 15 23 40 32 17 26 37 21 15 32 7 40 7 20 26 33 24 19 33 19 46 29 26 49 54 25 13 28 16 51 24 55 50 52 28 44 30 27 31 44 32 29 12 17 33 30 11 47 38 34 39 35 48 41 18 38 40 29 20 16 39 32 6 39 34 38 29 12 39 27 37 52 23 26 40 15 35 
63 31 23 53 65 64 48 28 50 65 30 35 38 42 17 55 34 49 17 38 32 18 33 46 47 65 56 24 62 44 62 44 25 29 60 45 51 58 32 19 70 79 49 43 37 46 23 35 47 49 23 52 54 50 52 67 66 50 51 20 51 30 33 60 62 16 21 24 15 38 47 60 39 56 45 51 33 41 63 54 25 7 41 20 30 47 35 25 42 58 
164 156 162 195 162 34 115 98 183 72 154 85 202 86 190 138 166 214 206 190 97 102 78 156 138 53 204 185 65 183 47 56 122 79 74 55 192 134 158 139 174 77 187 222 143 109 153 188 196 171 220 141 68 89 161 130 55 102 94 126 198 168 130 132 138 59 103 84 83 154 92 186 177 106 171 157 120 158 149 122 194 183 121 193 181 71 109 184 202 125 
100 137 210 53 200 67 231 86 196 124 173 151 219 163 179 194 92 179 228 226 181 228 191 203 234 187 189 190 63 94 56 245 68 253 250 186 152 144 68 197 164 236 105 100 111 144 123 191 131 86 211 84 165 187 234 176 164 132 130 187 172 126 201 246 173 224 146 87 136 186 128 166 142 176 167 241 138 125 93 143 80 231 35 176 226 197 174 124 187 198 
204 176 202 150 79 233 230 220 222 120 218 88 73 204 205 146 85 100 187 21 199 173 150 86 215 103 191 78 87 62 68 182 225 195 229 112 187 245 174 203 132 166 153 130 180 103 29 83 232 186 85 180 71 243 131 61 82 109 183 44 176 110 252 191 54 172 182 216 109 211 181 157 144 131 220 105 136 136 194 192 51 204 145 97 228 74 90 135 165 165 
222 217 195 228 114 208 190 202 143 186 192 204 88 114 236 117 182 215 240 230 171 165 134 186 133 170 69 167 156 90 240 116 114 246 232 192 145 195 86 232 128 243 191 99 169 237 121 179 93 147 93 195 234 108 135 96 178 211 135 180 83 114 187 201 229 163 230 61 117 59 221 183 102 65 143 196 137 145 138 88 156 66 64 178 230 51 233 144 105 147 
219 216 210 185 236 179 175 177 156 51 161 129 209 120 201 216 89 67 87 105 132 169 164 89 156 207 130 122 215 81 219 220 149 194 163 228 152 221 184 86 214 104 225 91 109 104 103 228 183 132 240 244 147 247 107 219 178 207 136 240 90 244 135 185 228 196 218 200 65 133 193 243 151 133 126 187 175 100 205 169 159 174 128 230 94 79 225 97 127 47 
105 140 103 185 146 224 185 136 176 199 104 204 152 151 100 147 190 78 236 199 228 241 145 158 188 197 141 61 86 237 87 210 101 186 87 242 233 80 135 169 160 98 239 180 61 105 95 237 142 113 233 97 199 82 82 182 110 145 233 231 57 40 137 190 78 208 187 185 186 152 164 135 59 153 48 244 186 98 186 60 194 212 224 172 225 138 105 43 161 204 
124 195 69 203 201 222 203 180 182 202 220 90 60 47 68 230 221 223 196 222 190 147 136 171 140 211 236 219 74 119 196 233 211 202 170 87 217 170 211 224 180 152 191 147 209 203 208 81 237 70 135 26 244 191 237 152 248 204 197 94 175 84 190 184 232 59 33 119 116 179 140 188 178 92 198 191 209 224 190 139 112 141 131 42 129 138 219 118 177 101 
109 195 119 229 50 161 180 175 160 206 156 110 210 68 178 132 96 151 61 142 123 180 226 81 226 179 122 145 220 206 193 215 198 97 62 242 86 47 187 143 159 135 75 105 52 129 183 70 178 58 195 170 196 201 181 167 216 121 181 112 219 234 222 89 111 73 120 50 182 156 69 117 69 100 218 165 215 162 221 112 217 166 174 86 188 197 249 154 231 95 
104 57 222 113 218 176 129 172 182 194 95 89 88 146 247 166 126 204 143 218 131 71 119 132 229 170 163 129 212 185 185 204 137 231 133 132 228 189 231 59 223 80 81 156 80 178 144 210 191 141 153 153 129 233 194 183 103 118 216 226 167 214 195 187 176 193 226 166 185 227 162 121 207 180 204 102 41 81 56 173 36 160 66 199 56 38 196 232 121 111 
212 110 201 182 69 210 158 47 57 69 223 126 193 93 53 117 215 118 92 47 197 235 182 200 152 71 186 92 186 211 42 139 147 32 196 183 148 216 230 69 238 106 182 216 32 220 117 59 95 150 209 53 89 108 138 214 214 247 81 142 117 110 172 187 165 161 146 225 115 90 223 133 148 125 81 144 119 233 121 124 188 150 204 154 190 174 143 125 215 114 
56 217 100 186 127 172 185 207 89 139 178 123 228 116 220 141 116 224 181 140 156 155 215 220 190 196 203 159 133 114 170 207 199 98 228 244 175 195 41 48 203 232 163 154 198 132 183 97 225 85 180 160 239 210 200 142 170 226 214 214 111 219 162 207 169 238 89 177 215 206 73 216 211 57 222 125 108 204 133 151 84 81 216 116 171 202 154 153 123 147 
194 174 84 105 115 179 63 170 152 180 141 199 55 70 57 236 133 65 101 218 154 70 70 121 183 218 143 105 210 199 217 172 131 210 90 23 223 197 166 184 118 137 217 56 107 237 243 163 171 169 172 51 248 195 77 159 29 183 92 117 170 136 192 107 218 171 149 202 186 190 185 172 121 222 152 132 185 124 226 238 203 137 174 227 154 234 184 210 241 93 
134 216 164 75 202 104 83 106 95 140 175 135 173 98 59 85 120 152 156 124 82 151 111 70 83 112 67 156 186 175 119 178 209 201 125 99 139 140 133 118 215 149 180 213 159 149 160 112 156 58 79 139 161 180 142 152 139 206 70 117 79 131 106 148 127 138 111 134 66 129 96 176 122 99 69 188 163 199 203 199 117 145 132 170 122 99 187 90 114 97 
47 39 29 61 38 48 29 64 59 67 52 31 66 23 26 29 51 51 58 37 37 43 18 23 49 33 64 63 35 58 52 30 17 28 27 33 54 26 20 69 34 20 36 72 70 34 31 69 64 76 38 51 16 36 75 65 50 52 38 64 18 38 32 45 13 17 65 55 46 41 61 27 47 33 17 35 26 57 47 26 39 27 34 27 13 59 66 26 24 35 
26 15 18 29 23 36 16 22 30 11 34 32 32 30 13 29 24 21 19 34 14 17 23 13 28 10 24 32 7 25 19 18 32 29 54 28 51 39 52 31 28 64 23 31 34 28 27 24 39 49 40 21 57 45 44 45 32 26 32 30 32 24 23 57 42 21 50 33 34 37 22 33 26 15 27 25 44 21 38 28 52 26 40 35 35 40 58 51 25 50 
26 31 16 13 33 24 13 22 18 23 18 22 34 13 22 21 30 10 20 28 15 25 29 17 17 13 18 27 20 23 20 26 42 43 26 33 20 24 31 26 30 16 33 42 27 19 40 13 20 12 21 33 23 26 22 30 25 13 31 9 7 19 23 23 23 27 7 37 40 24 22 20 17 8 19 18 38 14 26 5 21 5 34 14 31 32 23 13 16 31 
23 35 4 15 15 14 30 6 26 10 13 32 5 21 2 35 24 14 27 38 6 25 29 16 20 29 18 3 19 21 10 18 13 16 13 12 24 30 15 4 13 17 11 11 23 19 22 32 9 5 20 27 13 15 15 14 6 2 20 17 22 18 6 12 32 38 11 31 31 22 26 31 7 9 27 22 30 30 10 18 10 30 33 29 34 22 24 25 24 28 
22 23 31 33 39 37 13 25 12 33 31 2 5 6 36 26 8 11 25 31 31 22 3 26 22 29 32 6 6 21 43 3 29 27 20 12 27 18 9 7 29 11 3 30 9 42 14 29 24 20 38 6 6 18 25 29 5 43 12 39 5 13 11 6 16 13 26 15 6 17 9 24 13 4 21 18 15 27 27 15 7 15 11 19 17 4 19 21 27 22 
2 19 25 10 26 4 18 26 25 30 28 16 30 7 1 18 24 30 16 19 21 26 7 12 10 32 24 31 26 14 4 41 35 8 31 42 37 39 18 41 13 8 42 44 48 4 29 52 44 8 10 45 46 41 8 31 37 44 35 38 18 8 10 16 1 19 14 6 6 4 13 14 10 10 20 21 8 10 6 17 13 8 21 2 21 21 14 8 5 10 
17 18 20 19 8 18 2 20 18 20 20 10 24 19 18 18 14 17 17 13 22 21 21 7 12 17 6 1 19 23 16 26 32 17 41 23 35 49 30 52 10 46 6 45 27 6 22 25 52 21 35 41 43 43 10 49 41 12 43 49 8 10 4 8 22 21 14 15 18 21 8 7 19 11 20 6 12 3 2 22 24 6 16 21 23 16 13 23 20 2 
1 19 17 18 12 19 17 5 3 18 3 5 19 21 17 12 14 5 7 5 15 4 1 21 21 3 5 1 18 18 1 8 19 1 35 40 9 40 21 33 15 3 36 13 13 41 13 38 10 32 23 34 37 39 22 16 37 3 4 8 17 3 30 26 29 3 1 25 10 29 26 1 7 26 24 4 29 21 19 1 10 9 17 6 23 28 3 30 5 29 
2 13 11 10 4 12 2 10 4 2 2 13 8 9 2 4 6 2 4 13 13 8 4 4 4 12 11 6 13 4 14 37 40 5 15 35 17 40 20 31 39 12 24 4 40 36 4 27 7 29 17 38 4 6 6 14 38 21 33 21 28 19 23 9 22 4 4 28 25 18 25 6 26 24 8 10 3 8 15 10 25 27 12 23 2 2 3 27 2 2 
2 11 12 4 12 11 11 10 2 11 11 12 12 2 8 11 9 12 11 10 4 9 6 12 2 12 4 12 9 8 29 11 12 16 23 28 23 4 30 30 19 28 13 28 16 27 19 4 14 6 23 22 2 17 15 18 28 29 2 22 10 9 18 16 18 22 8 14 8 4 21 22 26 2 6 26 2 25 24 8 2 26 26 26 2 2 6 25 8 2 
10 11 14 13 6 12 13 6 13 8 6 10 2 1 12 6 14 13 10 4 13 2 6 4 1 6 13 12 2 14 10 18 2 23 20 17 10 4 26 4 26 15 26 21 13 4 23 13 13 26 6 2 17 28 16 17 25 7 14 2 8 23 15 13 20 17 13 13 8 18 4 17 14 20 19 17 23 20 7 13 22 11 17 15 3 20 10 6 15 15 
19 23 23 20 25 32 27 22 26 23 26 27 18 27 19 26 21 31 16 22 20 17 28 32 23 17 30 23 19 19 20 17 12 21 14 24 15 21 17 19 21 15 14 13 20 11 14 11 13 22 16 16 16 19 20 18 18 19 9 14 24 22 28 19 17 25 29 25 23 25 26 30 29 26 11 25 21 18 31 24 16 22 9 21 18 24 26 28 25 25 
13 10 11 19 21 10 15 14 8 20 22 22 9 14 15 12 17 25 24 20 22 14 17 14 18 18 18 14 23 20 12 10 16 8 16 16 13 15 18 8 12 17 8 8 11 15 12 12 12 11 9 14 15 14 14 15 8 16 6 14 12 26 13 5 13 17 19 22 14 6 21 25 21 19 20 8 17 17 21 17 19 8 12 27 12 16 24 9 9 19 
3 15 8 22 23 26 9 16 28 19 25 21 15 19 24 7 9 26 13 14 13 14 10 17 13 13 12 20 25 9 8 5 10 10 8 6 9 4 9 8 12 10 10 9 10 12 9 8 10 12 8 10 10 10 9 10 6 8 5 11 13 18 10 9 18 15 27 13 8 10 18 16 14 22 27 11 21 23 14 16 22 23 7 14 12 26 16 19 17 27 
8 13 21 20 29 17 32 18 30 31 20 20 34 32 22 32 34 10 28 18 19 10 34 18 24 28 33 17 16 30 9 4 2 4 6 8 2 5 2 1 6 10 4 9 2 6 8 6 7 10 8 8 12 4 11 8 1 8 8 8 25 14 8 14 4 9 8 11 17 21 7 20 2 2 23 9 12 11 6 15 19 3 22 22 6 13 2 7 28 12 
15 16 15 8 14 34 12 28 12 23 18 4 12 22 28 8 18 28 10 3 31 16 12 32 26 26 20 33 31 6 12 10 12 6 8 12 6 4 1 8 2 12 7 11 12 12 4 4 2 8 12 12 6 12 6 12 10 2 1 10 12 17 8 24 25 2 28 17 8 14 20 21 16 4 17 8 28 22 16 22 21 9 11 20 17 27 25 2 6 17 
6 27 36 38 9 5 27 15 17 29 34 37 38 22 9 15 29 17 25 17 33 34 12 20 19 17 14 23 30 27 8 11 3 12 3 11 3 12 12 11 2 8 9 12 12 12 12 10 11 11 5 12 11 2 12 9 11 2 2 2 17 18 4 18 25 26 20 20 10 2 29 18 11 10 15 18 20 25 26 2 24 11 9 24 28 4 12 29 23 27 
12 23 26 9 29 37 39 10 7 4 38 37 39 39 24 18 5 15 20 16 20 35 11 29 19 38 2 4 23 38 14 11 1 13 9 10 4 15 10 15 13 13 13 13 10 5 3 16 9 12 15 3 11 3 14 16 14 15 11 12 10 20 29 27 11 29 11 6 31 9 26 34 30 9 3 34 2 29 32 32 12 15 12 29 29 19 11 10 33 4 
5 18 2 32 13 14 22 22 25 18 29 18 7 26 6 35 17 28 19 30 37 34 1 31 14 32 18 28 25 37 6 7 9 13 6 7 4 11 12 6 8 11 10 2 13 11 7 3 9 2 12 12 14 12 7 11 4 14 14 6 18 4 12 24 10 31 28 9 28 31 10 15 2 26 25 32 13 29 26 28 18 12 22 12 26 31 30 21 26 23 
28 38 33 36 9 24 6 15 27 39 44 27 45 35 2 25 5 27 45 15 1 38 39 34 41 41 44 37 4 1 10 4 1 13 12 10 13 4 12 13 6 3 13 6 10 3 13 8 1 3 13 3 11 1 4 13 2 2 11 13 27 26 6 33 34 24 28 28 33 26 14 16 22 4 9 19 5 14 10 29 8 1 9 5 16 30 11 35 10 3 
10 40 28 6 41 40 2 29 6 25 2 1 41 6 3 30 36 31 28 30 27 36 41 32 19 8 30 2 15 35 7 2 8 2 8 7 1 1 3 8 8 7 2 2 8 8 8 1 2 2 8 5 2 2 4 4 2 8 7 8 23 14 12 17 25 2 15 10 8 8 23 10 11 9 27 4 26 19 25 2 19 6 12 4 5 27 25 6 28 16 
40 33 14 39 28 35 25 42 5 41 26 40 23 20 4 5 24 4 13 39 12 35 3 23 34 33 32 5 5 39 4 10 10 9 9 3 10 3 10 10 5 8 1 10 9 8 6 3 2 8 6 3 1 8 2 5 9 8 6 10 20 25 20 16 27 14 12 27 2 14 2 17 25 17 15 12 12 14 2 27 9 27 8 4 27 13 28 23 7 1 
31 41 37 24 10 42 41 41 1 2 1 8 23 37 23 41 1 11 1 37 35 2 37 3 42 1 24 18 41 33 12 2 4 6 8 3 6 11 1 4 6 1 8 10 2 9 12 3 3 9 7 11 12 10 4 12 11 8 11 10 27 28 23 3 9 18 1 3 4 25 24 11 11 2 14 3 3 26 15 15 28 18 16 25 10 27 27 8 6 28 
8 20 19 10 12 7 10 23 17 26 13 26 15 14 25 19 23 18 13 19 11 19 16 7 7 23 13 3 11 25 3 4 4 4 3 4 3 3 3 4 4 3 3 3 3 3 3 4 3 3 4 3 4 4 3 3 3 4 3 4 9 8 10 9 7 7 9 9 8 5 5 5 7 5 3 9 5 9 6 5 6 7 6 10 9 4 7 5 3 10 
27 11 19 22 17 13 8 19 14 23 23 12 16 6 24 24 19 24 22 10 19 25 14 20 18 13 25 16 24 21 5 3 4 4 6 6 4 5 3 3 6 3 6 3 5 6 2 6 5 5 6 6 5 6 3 5 3 6 6 3 11 8 10 8 3 8 9 9 8 12 12 8 7 6 9 11 9 10 5 5 11 10 12 10 6 9 9 8 12 10 
11 14 19 16 8 12 19 7 8 20 15 22 14 8 16 12 7 5 8 18 12 22 11 12 12 14 7 3 5 18 8 6 3 8 1 8 6 7 2 5 6 6 8 5 2 3 6 5 6 8 2 6 4 8 7 2 8 3 8 8 4 9 5 7 5 8 6 6 6 10 3 9 8 2 9 3 7 7 4 5 5 10 7 3 6 1 9 9 5 3 
2 13 8 2 12 4 2 4 15 11 4 1 8 7 14 10 9 4 13 6 14 11 2 10 13 6 6 10 10 13 3 2 3 3 5 4 3 4 6 4 6 4 3 5 4 3 4 3 6 2 3 6 4 3 4 6 2 3 5 6 4 3 4 3 1 3 1 3 6 3 3 2 3 4 4 6 6 2 5 6 3 2 5 4 5 4 4 3 6 4 
8 5 4 5 9 9 5 4 6 6 7 10 8 3 2 5 4 5 5 7 10 8 5 9 7 6 7 7 8 8 6 4 1 2 5 3 4 4 3 6 2 6 5 2 5 4 4 2 4 1 4 3 4 6 6 6 2 4 4 6 4 1 4 1 4 3 4 2 3 3 3 3 4 2 1 4 4 3 4 2 4 1 4 4 2 1 4 2 4 3 
2 5 3 1 3 5 5 5 8 5 4 1 6 6 3 5 4 8 8 7 5 1 7 6 3 6 3 5 6 5 4 2 4 4 4 4 4 2 4 1 1 1 4 2 4 3 4 6 1 4 2 4 2 4 4 4 4 1 2 2 4 4 1 1 3 3 1 3 3 1 4 2 4 2 3 1 3 4 4 1 1 1 2 3 4 3 3 3 4 4 
8 3 4 4 3 8 3 8 6 8 10 7 2 5 5 8 6 10 8 5 6 8 10 4 8 8 7 5 6 9 2 4 5 4 3 3 1 5 1 6 2 4 4 2 6 6 6 5 6 2 3 6 2 6 4 4 5 3 2 1 7 5 5 4 8 2 5 6 4 3 4 7 1 4 1 4 8 5 7 3 3 6 5 3 8 4 3 1 3 1 
6 8 2 6 4 5 6 7 3 2 3 4 6 6 4 8 6 1 6 6 6 7 8 8 8 5 3 6 7 8 7 7 3 8 4 5 7 8 6 8 6 8 3 4 3 1 8 4 7 6 2 6 8 6 2 5 8 6 6 4 4 10 7 9 2 3 5 8 5 4 5 10 10 9 7 7 4 10 4 6 3 10 1 10 9 8 10 8 1 3 
4 6 4 3 8 10 2 5 6 6 5 4 8 4 5 8 5 4 8 8 8 7 6 4 6 8 2 10 10 4 3 2 8 6 1 2 2 4 8 3 3 6 9 4 4 6 4 4 6 5 5 4 6 5 4 1 7 6 3 7 5 8 2 8 4 10 4 4 7 2 2 8 10 2 6 8 1 4 8 10 8 4 6 4 10 10 9 8 5 4 
2 3 1 3 4 2 3 2 1 2 4 1 1 3 3 3 4 2 3 2 1 1 4 3 3 3 2 4 1 4 2 2 6 5 4 5 6 2 6 1 6 6 6 1 8 5 3 8 6 3 2 6 2 6 6 5 6 9 6 6 6 3 4 2 1 5 6 6 2 6 3 2 5 6 2 4 8 6 4 8 4 8 2 2 6 8 6 6 6 8 
8 3 6 3 8 3 5 6 5 4 4 3 1 6 1 3 4 8 5 10 5 4 8 1 3 1 4 3 4 8 7 5 9 7 3 8 2 4 6 10 6 7 8 5 4 4 6 5 8 10 6 8 3 9 4 8 8 9 4 7 1 6 9 7 6 6 2 4 2 5 1 2 1 9 7 7 9 2 10 2 8 7 2 5 4 3 4 1 8 4 
2 2 2 4 8 8 6 6 10 2 4 2 2 8 8 6 2 4 6 2 4 4 6 3 2 2 10 2 6 2 8 8 6 8 8 6 6 3 2 10 8 4 6 6 4 10 4 2 6 8 4 6 1 6 7 4 9 8 8 4 7 6 7 6 2 7 10 5 10 7 4 4 8 6 7 2 6 4 6 9 4 3 8 4 2 4 2 8 3 3 
7 6 8 6 5 8 6 6 6 8 7 5 7 6 6 6 4 7 8 6 4 5 5 7 8 6 8 9 6 7 3 6 6 1 4 6 6 3 6 5 2 6 1 6 4 6 6 6 6 5 4 1 6 5 6 4 6 6 1 6 6 1 3 1 1 1 1 5 4 1 4 6 5 6 5 4 3 1 1 1 1 5 6 5 3 5 5 5 5 1 
1 1 1 1 1 1 1 1 2 1 1 1 2 1 2 1 1 1 1 1 1 1 2 1 1 1 1 1 2 2 1 1 1 1 2 1 2 1 1 1 1 1 2 1 2 2 1 1 1 1 1 1 2 1 2 1 1 1 1 1 1 1 1 1 1 1 1 1 1 1 1 1 1 1 2 1 1 1 1 1 1 1 1 1 1 1 1 1 1 1 
2 1 1 2 2 1 2 2 1 2 2 2 2 1 2 2 2 1 2 2 2 1 2 2 2 2 2 2 2 2 2 1 2 2 2 2 1 2 1 1 2 2 2 2 2 1 1 1 1 2 1 2 1 2 2 2 2 2 1 1 2 1 2 1 2 1 1 2 2 1 2 2 1 1 1 1 2 2 2 2 2 2 1 1 2 2 2 2 1 1 
4 4 2 2 2 2 4 1 2 4 4 2 2 2 4 4 4 4 4 2 4 2 4 4 2 2 4 4 1 2 1 1 1 2 1 2 1 2 2 2 1 1 2 1 1 1 1 1 2 2 2 1 1 1 1 1 2 2 1 1 2 2 1 2 1 2 1 1 2 1 1 1 2 2 1 1 2 1 1 2 2 1 1 1 1 1 2 1 1 2 
2 2 2 2 2 1 2 2 2 2 2 2 2 2 2 2 2 2 2 2 2 2 2 2 2 2 2 2 1 2 2 2 2 2 1 1 1 1 2 1 1 1 1 2 1 2 1 2 1 1 2 2 2 2 1 2 1 2 2 1 2 1 1 1 2 2 2 1 1 1 2 2 1 1 2 1 1 1 1 1 2 1 2 1 1 2 1 1 1 1 
1 1 1 2 2 1 1 1 2 1 1 1 2 1 1 2 1 1 1 1 2 2 1 1 1 1 2 1 1 1 1 2 2 1 1 1 1 2 1 2 1 1 1 2 1 1 1 1 1 1 1 1 1 1 2 1 2 1 1 1 1 1 1 1 1 1 1 1 2 2 1 1 1 1 1 1 1 1 1 1 1 1 1 1 1 1 2 1 1 2 
2 2 2 2 1 2 2 2 2 2 2 2 2 2 2 2 1 2 2 2 2 2 2 1 2 2 2 2 2 1 1 2 1 2 1 1 1 1 1 1 2 1 1 1 2 1 1 1 1 1 1 1 1 1 1 1 1 1 1 1 1 2 1 1 1 2 1 1 1 1 1 2 1 1 1 1 1 1 2 1 2 1 1 2 2 2 1 1 1 2 
2 2 2 1 2 2 1 2 2 2 2 2 1 2 2 2 1 1 2 2 2 2 2 2 1 1 2 2 1 2 2 1 1 2 2 1 2 2 2 2 2 2 2 2 2 1 2 1 2 2 1 1 2 2 2 1 2 1 2 2 1 2 1 1 1 2 1 1 1 2 1 1 1 1 1 2 1 1 2 1 2 1 1 1 2 1 2 1 1 1 
2 2 1 2 4 1 2 4 2 4 4 4 2 2 2 4 1 1 3 2 2 2 3 4 4 2 2 4 4 2 2 2 2 2 2 1 2 2 1 2 2 2 2 1 1 2 2 1 2 2 2 2 2 2 2 2 2 1 2 2 2 2 2 2 2 2 2 2 2 1 2 2 1 2 2 2 2 1 2 2 1 2 2 2 2 1 1 2 2 2 
2 2 1 2 1 2 2 2 2 1 2 2 2 2 2 2 2 2 2 4 2 2 1 2 2 1 2 2 2 1 2 2 1 2 1 1 1 2 2 2 2 2 2 2 1 2 2 1 1 2 1 2 1 2 1 1 2 1 1 2 2 2 1 2 2 2 1 1 1 1 2 2 1 1 1 2 2 1 2 1 1 2 1 1 2 1 1 2 1 2 
2 1 2 1 1 2 2 2 1 2 1 2 2 1 2 1 1 1 1 1 2 1 2 2 2 2 2 2 1 2 2 2 2 2 2 2 2 2 1 1 1 2 1 2 2 2 1 2 2 2 2 2 2 2 2 2 2 2 2 1 2 2 1 2 2 1 2 1 2 2 2 1 1 2 2 1 2 2 2 2 1 2 2 2 2 2 1 1 2 2 
2 2 2 2 2 2 1 2 2 2 2 2 2 2 1 2 2 2 2 2 2 2 2 1 1 2 1 2 1 2 1 1 2 1 1 1 2 1 1 1 1 2 1 1 1 1 1 2 2 1 1 1 1 1 1 1 1 1 1 1 1 1 1 1 2 1 1 1 1 1 2 1 1 1 1 1 2 1 1 1 1 1 2 1 1 1 1 1 1 1 
2 2 1 2 2 2 2 2 2 1 1 1 2 2 2 2 2 2 2 2 1 2 2 1 1 1 1 2 2 1 2 1 2 1 2 2 2 1 1 2 1 1 1 1 1 1 1 1 1 2 1 1 1 1 1 1 1 1 1 1 2 1 2 2 1 1 2 1 1 2 1 2 1 2 1 1 1 1 2 1 1 1 1 1 2 1 1 1 1 1 
1 2 2 1 1 2 2 2 1 1 2 1 1 1 1 2 2 2 2 2 1 1 2 2 1 2 2 2 1 2 2 1 1 1 2 1 1 1 1 2 2 1 2 1 2 2 1 2 1 1 1 1 2 1 2 2 1 1 1 2 2 1 2 2 1 2 2 1 1 2 2 2 1 2 1 2 2 1 1 2 2 2 2 2 2 2 1 2 2 2 
2 1 1 2 2 2 1 2 2 1 2 1 2 2 2 1 2 1 1 2 2 2 2 2 1 1 1 2 2 2 2 1 2 2 2 2 1 1 2 1 1 1 2 2 1 2 1 1 2 1 2 1 1 1 1 1 2 2 2 2 1 2 2 1 1 2 1 1 2 2 1 2 2 1 2 1 1 2 2 2 2 2 2 2 1 1 2 2 2 1 
2 1 2 1 2 2 2 2 1 2 2 2 2 2 2 2 2 1 1 1 2 1 2 1 2 1 2 2 1 2 1 2 1 1 1 2 2 1 1 1 1 1 1 1 1 1 1 1 1 1 1 1 1 1 1 1 2 1 1 2 1 2 2 2 1 2 2 2 2 2 1 1 2 2 1 2 1 2 1 2 2 1 2 2 2 2 1 2 2 2 
2 2 1 1 1 2 2 2 1 1 1 2 2 2 2 2 2 1 1 2 1 1 1 1 2 1 1 1 2 1 1 1 1 2 1 1 1 1 1 1 1 1 1 1 1 1 1 2 2 1 2 1 1 1 1 1 1 1 2 1 2 2 2 2 2 1 2 1 2 1 2 2 2 2 2 2 2 2 1 2 2 1 2 2 1 2 2 2 2 2 
2 1 2 2 1 1 2 1 2 2 1 2 1 2 1 2 1 1 1 2 1 1 2 1 2 1 1 1 1 2 1 1 2 2 1 1 1 1 1 1 2 2 1 1 1 1 1 1 1 1 1 1 1 1 2 1 2 1 1 1 1 2 2 2 2 2 1 1 1 2 2 1 1 1 2 2 2 2 2 1 2 2 1 2 2 2 1 2 2 1 
2 2 2 2 1 2 2 2 2 2 1 2 2 2 1 2 2 2 2 2 2 2 2 2 2 2 2 1 2 2 2 1 1 2 2 2 2 1 2 1 2 2 1 2 1 2 1 2 1 1 1 1 1 2 2 2 1 1 1 1 2 1 1 2 2 1 1 2 1 2 2 2 2 2 2 1 1 1 2 2 2 2 2 2 2 1 1 2 1 2 
2 2 2 1 1 2 1 1 2 2 1 2 1 1 2 1 2 1 2 2 2 2 2 1 1 1 2 2 2 1 2 2 2 2 2 2 2 2 1 2 1 2 1 2 2 2 2 2 2 2 2 2 2 2 1 2 1 2 1 2 1 2 1 2 2 2 1 2 1 1 2 1 2 2 2 2 2 2 1 2 2 1 2 1 2 1 2 1 2 2 
2 2 2 1 1 2 1 1 2 2 2 1 1 2 1 1 2 2 2 1 2 1 1 1 1 1 2 2 2 2 1 1 1 2 2 1 1 2 2 2 2 1 1 2 2 2 2 2 1 2 2 2 2 2 2 2 2 2 2 1 1 1 1 2 1 2 1 2 1 1 1 1 1 1 1 2 2 1 1 2 1 2 1 1 1 1 1 1 1 2 
1 2 1 1 1 1 1 2 1 1 1 1 1 1 2 2 1 1 1 1 2 1 2 1 1 1 2 2 2 2 2 1 1 2 1 2 2 2 1 2 1 2 2 2 1 2 2 2 2 2 2 2 2 1 2 2 1 1 2 2 2 2 2 1 2 1 1 2 1 1 2 1 1 2 2 1 1 2 1 2 2 2 2 1 1 2 2 2 2 2 
1 1 2 2 1 1 2 2 1 2 1 1 1 2 1 2 2 2 1 1 1 2 2 1 1 1 1 2 1 1 2 2 2 2 2 1 2 1 2 2 2 1 1 2 2 1 2 2 1 1 2 1 1 1 2 2 2 1 1 1 2 2 1 2 2 2 2 2 1 1 1 1 1 2 2 1 2 1 2 1 1 1 2 2 1 2 1 1 2 2 
1 1 2 1 2 2 2 1 1 2 1 1 1 1 1 2 1 1 1 1 2 2 2 2 1 2 1 2 1 1 2 2 2 1 2 1 2 1 1 1 2 1 2 2 1 2 2 1 1 1 1 2 1 2 2 1 2 2 2 1 1 1 1 2 1 1 2 1 2 1 2 1 1 2 1 1 2 2 1 2 2 1 1 2 1 2 2 2 1 1 
2 2 1 2 1 2 2 2 2 1 1 2 2 2 1 2 2 2 1 2 1 1 2 2 2 2 2 1 2 1 2 1 2 2 2 2 2 1 1 1 1 1 2 2 2 2 1 2 2 1 2 1 1 2 2 2 2 2 2 1 2 1 1 1 2 1 1 2 2 2 1 2 2 2 2 1 2 2 2 2 2 2 1 2 2 2 1 2 2 2 
1 2 1 2 1 2 1 2 1 2 1 1 2 2 2 2 1 1 1 2 1 2 2 2 2 2 2 2 2 2 1 1 1 2 2 1 1 2 1 2 2 2 2 2 2 2 2 2 2 1 2 1 1 2 1 2 2 2 2 1 2 1 1 2 1 2 1 1 1 2 2 2 1 2 1 1 1 2 2 1 2 2 2 1 1 1 1 2 2 2 
2 1 1 1 1 1 1 2 1 1 1 1 2 2 1 1 1 1 1 2 1 1 1 1 2 1 1 2 1 2 1 1 1 2 1 1 1 1 2 1 1 1 1 1 1 1 1 1 1 1 1 2 1 1 1 2 1 1 1 1 1 1 2 1 1 1 2 1 1 1 1 1 2 2 1 1 2 1 1 1 1 1 1 1 1 2 2 1 1 2 
2 2 2 2 1 1 2 1 1 2 1 2 2 2 2 2 2 1 1 1 2 2 2 2 2 2 2 2 2 2 1 2 2 1 2 1 1 1 1 2 1 2 2 2 2 1 1 1 1 1 1 1 1 1 2 2 1 1 1 2 1 2 1 1 2 1 2 1 1 1 1 2 1 1 1 1 1 1 1 1 1 1 2 2 1 2 1 1 2 1 
1 2 2 2 1 2 1 2 1 2 2 2 2 2 2 2 1 2 2 2 2 2 1 2 1 2 2 2 1 2 1 1 2 1 2 2 1 2 2 1 1 1 1 1 1 1 1 2 1 1 2 2 1 2 2 2 1 1 2 1 1 1 1 2 2 1 1 1 1 1 1 1 1 2 1 2 1 1 1 1 1 2 1 1 2 1 2 2 1 1 
1 2 2 1 1 2 2 1 2 1 2 2 1 1 1 2 1 2 2 2 1 1 2 1 2 1 2 1 2 2 1 1 2 2 1 1 1 1 1 2 2 1 1 1 2 1 1 2 1 1 1 1 1 1 2 1 1 1 1 1 1 1 1 1 2 1 1 1 2 2 1 2 1 2 1 1 2 1 1 1 2 1 1 1 2 1 1 2 1 2 
1 2 1 1 2 1 2 1 1 2 2 1 2 1 2 1 2 2 1 1 1 2 1 2 1 2 2 2 2 1 1 2 1 1 1 1 1 2 2 2 2 2 1 1 1 1 1 1 2 1 1 1 2 1 2 2 1 1 2 2 2 2 2 2 2 2 2 1 2 2 2 2 2 2 2 1 2 1 2 2 2 2 2 2 2 2 2 2 2 2 
1 1 1 1 1 1 1 1 2 2 1 1 2 1 2 1 2 2 1 1 2 1 1 1 1 1 2 2 1 1 2 2 2 2 2 2 1 1 2 1 1 2 2 1 2 2 2 2 1 2 1 2 2 2 2 2 1 2 1 2 2 2 2 2 1 2 2 2 2 1 1 2 2 2 1 2 2 1 1 1 2 2 2 2 2 2 2 1 2 2 
1 2 1 2 1 1 2 1 1 2 2 1 2 2 1 1 2 2 2 1 2 2 2 2 2 1 2 2 1 2 1 1 2 2 2 2 2 2 2 2 2 1 2 2 1 2 1 2 2 2 1 2 2 1 1 2 1 2 1 1 2 2 2 1 2 2 2 2 1 1 1 2 2 1 1 2 2 2 2 2 2 2 2 1 1 2 2 2 2 2 
1 1 1 1 1 1 2 1 1 1 1 1 1 2 2 1 2 2 2 1 2 2 1 2 1 1 1 2 2 2 1 2 2 2 2 1 2 1 1 2 2 1 1 2 2 2 2 2 1 2 2 2 1 1 2 2 2 2 2 1 2 1 2 1 2 2 1 1 2 1 2 2 2 1 1 1 1 2 1 2 2 2 2 2 2 1 2 1 1 2 
1 1 1 2 1 2 1 2 1 1 2 2 1 2 2 2 2 2 2 1 2 2 1 2 2 2 1 2 1 2 2 2 1 2 2 2 2 2 1 2 2 1 2 2 2 1 2 2 2 2 1 2 2 2 1 2 2 2 2 2 1 2 1 1 1 1 1 2 1 1 2 1 1 2 1 2 2 2 1 2 1 1 1 1 1 2 1 2 2 2 
2 1 1 1 1 1 1 1 2 1 2 1 2 2 2 1 1 2 2 1 1 1 1 2 1 1 1 1 1 2 2 1 1 1 1 1 2 2 2 1 2 1 1 2 1 1 2 2 1 1 1 2 2 2 1 1 1 1 1 2 1 1 2 2 2 2 1 2 2 1 1 2 2 2 1 2 2 2 2 1 1 2 1 1 1 2 2 2 2 1 
1 1 1 1 1 2 2 2 2 2 1 1 2 1 1 1 2 2 2 1 1 1 2 2 1 2 1 1 1 2 1 1 2 1 1 2 2 1 1 2 2 1 2 2 1 1 2 1 2 1 2 2 1 2 2 2 2 2 2 1 2 2 2 2 1 2 1 1 1 1 2 2 1 2 1 1 1 2 1 2 2 1 2 1 1 1 1 1 2 2 
2 2 2 2 1 2 2 1 2 2 1 2 1 2 2 2 2 1 2 1 2 2 1 1 1 1 1 2 1 1 1 1 2 2 2 2 2 2 1 2 2 2 2 2 1 2 1 2 2 2 2 1 2 2 2 1 2 2 2 2 1 1 1 2 2 2 1 1 2 1 2 1 1 2 2 2 2 1 2 1 1 1 2 2 1 2 1 2 1 2 
2 1 1 1 1 1 1 1 2 1 2 1 1 1 2 1 1 2 1 2 1 1 1 1 2 1 2 1 1 2 1 1 2 2 1 1 2 2 2 2 1 1 2 2 2 2 2 1 2 2 1 2 2 2 2 1 1 1 2 1 1 2 2 1 2 1 2 1 1 1 1 2 1 1 1 2 1 2 2 2 2 1 1 1 1 1 2 2 1 2 
2 2 1 1 2 1 2 1 1 1 1 2 1 2 2 2 1 2 1 2 2 2 2 1 1 2 2 2 1 1 2 1 1 2 2 2 2 2 1 2 1 1 2 2 1 2 2 1 1 2 2 2 2 1 1 2 1 1 1 1 2 1 1 2 1 1 1 2 1 1 1 2 2 1 1 1 1 1 1 1 2 2 2 1 2 2 1 1 1 2 
2 1 2 2 2 2 2 2 1 2 2 1 2 2 2 1 1 1 2 1 1 1 1 1 1 2 1 1 1 1 1 1 2 1 1 2 1 1 1 2 2 1 1 1 1 1 1 2 2 2 1 2 1 1 2 1 1 2 1 2 1 1 1 2 1 2 1 1 2 2 1 1 1 1 2 1 1 1 2 2 1 1 1 1 1 1 1 1 1 1 
1 2 2 1 1 2 1 1 1 1 1 1 2 2 1 2 2 2 1 2 2 2 2 2 1 2 2 2 1 1 2 2 1 2 2 1 2 1 1 1 1 2 1 1 2 2 2 1 1 1 2 2 2 2 2 2 1 2 2 2 1 2 2 2 2 1 1 1 1 1 1 1 2 2 1 1 1 2 1 1 2 1 2 1 2 1 2 2 1 2 
1 2 2 1 1 1 2 1 1 2 1 2 2 2 1 2 1 2 1 1 2 1 2 2 1 2 2 1 2 1 1 1 1 1 1 2 2 2 2 2 2 2 2 1 1 1 2 2 1 1 1 2 1 2 1 1 1 2 1 2 1 2 2 1 1 2 1 1 2 1 1 2 1 1 2 1 1 2 1 1 1 2 2 1 1 2 2 1 1 1 
1 1 1 1 1 1 1 1 1 1 2 2 1 1 2 2 1 2 1 2 2 2 1 2 1 2 1 1 2 2 1 1 2 1 1 2 2 2 2 2 1 1 1 2 2 2 1 2 1 1 1 2 2 2 1 2 1 1 2 1 2 2 1 1 2 1 1 2 2 2 2 1 1 2 1 1 1 2 2 2 2 1 2 2 2 2 2 1 2 1 
2 1 1 1 2 1 2 1 2 1 2 1 1 1 1 1 1 1 1 1 2 2 1 2 1 1 2 1 1 1 2 2 1 2 2 2 2 1 1 2 2 2 2 2 2 1 1 2 2 1 2 2 1 2 1 2 2 2 1 2 2 1 2 2 2 2 2 2 1 1 1 1 1 2 1 1 1 2 2 2 2 1 1 2 2 2 1 2 1 2 
2 1 1 2 2 1 2 1 2 2 2 2 2 1 1 1 1 1 2 2 2 2 1 1 2 1 2 2 2 1 1 1 1 2 2 1 2 1 1 1 2 1 1 1 1 1 1 1 1 2 2 1 1 1 1 1 2 1 1 1 2 1 1 2 2 2 1 2 2 2 2 2 2 2 1 1 1 2 2 2 1 2 2 2 2 2 1 2 2 1 
2 1 1 1 1 1 2 1 1 1 1 1 1 1 1 1 2 1 1 1 1 1 1 1 1 1 2 1 1 1 1 2 1 1 2 1 2 2 1 1 1 1 1 2 2 1 1 2 1 1 1 1 1 2 2 1 1 1 1 2 2 2 2 1 2 2 2 1 2 2 2 1 2 1 1 2 2 2 2 2 1 1 2 2 2 2 2 2 1 2 
1 2 2 1 2 1 2 2 2 2 2 2 2 2 2 2 1 1 1 1 1 2 1 1 2 2 2 1 1 1 1 2 2 2 2 1 1 2 1 2 1 2 2 2 2 2 2 2 2 1 2 2 1 2 2 2 1 2 2 1 2 1 1 1 2 2 2 2 1 2 2 2 2 1 1 1 1 2 1 1 2 2 2 2 2 2 2 1 1 2 
1 1 2 1 2 2 2 2 2 2 2 2 1 2 2 2 2 2 2 2 2 2 2 2 2 2 1 2 2 1 2 1 2 2 2 2 1 2 2 2 2 2 2 2 1 1 1 2 2 2 2 2 2 2 1 1 2 2 2 2 2 2 1 2 1 2 2 2 1 2 2 2 2 2 1 1 1 2 2 2 2 1 2 2 1 2 1 1 2 2 
2 1 1 2 1 2 1 1 2 1 2 2 1 1 1 1 2 1 2 2 1 1 1 2 2 1 1 2 2 1 1 1 1 2 1 2 1 1 2 2 1 1 2 2 2 1 2 2 2 2 1 1 2 1 2 1 1 2 2 1 1 2 2 2 1 2 2 1 1 2 2 2 2 1 2 2 2 2 1 1 1 2 2 2 2 2 2 2 2 2 
1 1 1 2 2 2 2 1 1 2 2 2 2 2 1 2 2 1 2 1 1 2 2 2 2 2 1 1 2 1 2 1 2 2 1 1 1 1 2 2 2 1 1 2 1 1 2 2 1 1 2 2 2 1 2 1 1 2 2 1 1 1 2 2 1 1 1 1 1 2 1 1 2 1 1 2 2 2 1 1 1 2 2 1 2 2 1 1 1 2 
1 1 2 2 2 1 2 1 1 2 1 1 2 1 2 2 1 2 1 2 1 2 2 2 2 2 2 1 1 1 1 1 2 1 1 2 2 2 1 2 1 2 1 2 2 2 2 2 2 2 1 2 1 1 1 2 1 1 2 1 2 1 2 2 2 1 1 1 1 2 1 1 1 2 2 2 2 2 2 1 2 1 2 2 1 1 1 1 2 2 
2 1 1 1 1 1 1 1 1 2 2 2 2 2 2 1 1 2 2 2 1 2 2 2 1 1 1 1 1 2 2 1 2 2 1 2 2 1 2 2 2 2 1 2 2 1 1 2 2 2 1 1 2 1 1 1 1 2 1 1 2 1 1 1 1 1 2 2 1 1 2 2 1 1 1 2 2 1 1 1 1 1 2 1 1 1 1 1 2 1 
1 2 2 1 2 2 2 1 1 1 2 1 1 1 4 1 2 2 1 2 1 2 1 1 2 1 1 1 1 1 2 2 1 1 2 2 2 2 1 2 2 2 1 2 2 2 2 2 2 1 1 2 1 2 1 1 1 1 2 1 2 1 2 2 1 2 2 1 2 1 1 1 1 2 2 2 1 1 2 1 2 1 2 2 2 2 2 2 1 2 
1 1 2 1 2 1 1 1 1 1 2 2 1 2 1 2 1 1 2 1 2 1 1 1 1 2 2 1 1 2 1 1 1 1 1 2 2 1 1 1 1 1 1 1 1 2 1 1 1 1 1 1 1 2 2 1 1 1 2 2 2 1 2 1 2 1 2 2 2 1 1 2 1 1 1 2 2 2 1 2 1 2 1 1 1 2 1 1 1 1 
2 1 2 1 1 1 1 1 1 2 1 1 1 2 2 2 1 1 2 1 1 2 1 1 1 1 2 1 1 1 1 1 2 2 1 1 1 2 2 2 2 1 1 2 2 1 2 2 1 1 2 2 1 2 1 2 1 1 1 1 2 2 2 2 1 2 1 1 1 2 1 1 2 2 2 1 1 1 2 1 1 1 2 1 2 1 1 2 1 1 
1 2 2 1 2 2 2 1 2 2 2 2 2 1 2 2 2 2 1 1 2 1 2 2 1 2 2 1 1 1 1 2 2 1 2 1 2 2 2 2 2 2 2 2 1 1 1 1 2 2 2 2 1 1 2 2 2 2 2 1 2 1 1 2 2 2 2 2 2 2 2 2 1 1 2 2 1 2 2 2 1 2 2 1 2 2 2 1 1 2 
2 2 2 2 1 2 2 2 2 2 1 2 2 2 2 2 2 2 1 2 2 2 2 2 2 2 2 2 1 2 1 2 1 2 1 2 2 1 2 2 1 2 2 2 1 1 2 1 2 2 1 2 1 2 2 2 2 2 2 2 2 2 2 2 2 1 2 2 2 2 1 2 1 2 2 2 2 2 2 2 1 1 2 2 1 1 2 2 2 1 
2 2 1 2 1 2 2 1 2 2 2 1 2 2 2 1 2 1 1 2 2 2 2 2 2 1 1 2 2 1 2 1 1 1 1 1 1 1 1 1 1 1 1 2 1 1 1 1 1 1 1 1 1 1 1 1 1 1 2 1 1 1 1 1 1 1 2 1 1 1 1 1 1 1 1 1 1 1 1 1 1 1 1 2 2 1 1 1 2 1 
1 1 1 1 1 1 1 1 2 2 2 2 1 1 2 1 2 1 1 1 2 1 2 1 1 1 1 2 1 1 1 1 1 1 1 1 1 1 2 2 2 1 1 1 1 1 2 1 2 2 1 1 1 1 1 1 1 2 1 1 2 1 1 1 1 2 2 1 2 1 1 1 1 2 2 1 1 1 2 2 1 1 2 1 1 1 2 2 1 1 
2 2 2 1 2 2 1 2 1 1 2 2 1 2 1 1 1 2 2 1 2 1 1 1 2 2 1 2 2 2 1 2 2 1 2 1 1 1 1 2 2 2 2 1 2 1 2 2 1 2 2 2 2 2 2 2 1 2 1 2 1 2 2 2 1 2 1 2 1 2 2 1 1 1 2 2 2 2 1 2 2 1 1 1 2 2 2 1 2 1 
2 1 2 2 2 2 2 2 2 1 2 2 1 2 2 2 1 2 2 2 1 2 2 2 1 1 1 2 1 2 1 1 1 2 1 1 2 1 2 2 2 1 1 2 2 2 2 1 1 1 1 2 1 2 2 2 2 1 1 1 1 2 1 2 2 2 2 2 2 2 2 2 2 1 1 2 2 2 1 1 2 2 2 2 2 2 1 2 2 1 
1 1 1 2 1 1 2 1 1 2 2 1 1 1 2 1 2 2 2 2 2 1 2 2 1 2 2 1 2 1 2 1 2 1 1 2 2 1 2 2 2 1 2 1 2 2 2 2 2 1 1 2 1 2 2 2 2 2 1 1 1 2 1 1 1 2 1 1 2 2 2 1 1 2 2 1 2 2 2 1 2 2 2 2 2 2 2 2 1 1 
1 1 2 1 1 1 2 2 1 2 1 1 2 2 2 2 2 1 2 1 2 2 1 1 2 2 2 1 2 2 2 2 1 1 1 2 1 1 1 2 1 1 2 1 1 1 1 2 2 2 2 1 2 1 2 1 1 1 2 2 2 2 1 2 2 1 1 1 1 1 1 1 2 1 2 2 2 2 1 1 1 1 2 1 2 2 1 1 1 1 
1 2 1 1 1 1 1 1 1 2 1 1 2 2 1 2 1 1 1 1 1 1 1 1 1 2 1 1 2 2 1 1 1 2 1 2 1 2 1 2 2 1 1 2 1 1 1 1 1 1 1 2 1 2 2 1 2 1 2 1 1 2 1 2 2 1 2 1 1 1 2 2 1 1 2 1 1 2 1 1 2 2 1 1 2 1 1 2 2 1 
1 2 2 1 2 2 1 2 1 2 2 1 2 1 2 2 2 2 2 1 1 2 1 1 2 1 1 2 1 1 2 2 1 1 2 2 1 2 2 2 1 1 2 2 2 2 2 2 1 2 2 1 2 2 1 1 2 2 1 2 2 1 1 1 1 2 1 1 1 2 2 2 1 1 1 1 1 2 1 2 2 1 1 1 2 1 1 2 1 1 
2 1 1 2 2 1 1 2 2 1 1 2 2 2 2 2 1 1 2 2 2 2 1 1 2 2 2 2 2 2 2 2 1 2 2 1 2 1 1 2 1 1 1 2 1 2 1 1 2 2 2 2 1 1 2 2 1 1 1 1 1 2 2 2 1 1 2 1 2 2 1 1 1 2 2 1 2 2 2 1 2 2 2 2 2 1 1 2 1 1 
2 1 1 2 1 2 2 1 1 2 1 2 1 2 1 1 1 1 2 2 2 2 2 2 1 2 1 2 1 2 2 1 2 1 1 1 1 1 1 2 2 1 1 1 1 1 2 1 1 1 2 2 2 1 2 1 1 1 2 2 1 1 2 1 1 1 2 2 2 2 2 1 1 1 1 2 2 1 1 1 1 2 2 2 2 2 2 1 1 1 
2 1 2 1 1 2 2 1 2 1 2 2 2 1 1 1 2 2 2 1 2 2 1 1 2 2 2 2 2 1 2 2 2 1 2 2 2 1 1 2 2 2 2 1 1 2 1 2 2 2 2 2 2 2 1 2 1 2 1 2 2 2 2 1 2 2 1 2 2 2 1 1 2 1 1 2 2 2 1 2 1 1 1 2 1 1 1 1 1 2 
1 1 2 2 2 1 2 2 2 1 2 1 2 1 2 2 2 1 2 2 2 2 1 1 2 2 1 2 2 2 1 2 2 1 2 1 1 2 1 2 1 2 2 2 2 1 2 2 1 2 1 1 1 1 1 1 2 2 2 1 2 2 1 1 1 2 2 1 1 2 2 2 1 2 2 1 2 1 2 1 2 2 2 1 1 2 2 1 2 1 
2 2 2 2 2 1 2 2 1 2 2 2 2 2 2 2 2 2 2 2 2 1 1 2 1 2 2 1 2 1 1 1 1 2 1 1 1 1 1 2 1 2 2 2 1 2 2 1 2 1 1 1 2 2 2 1 1 1 1 2 1 1 2 2 2 2 2 2 1 1 2 1 2 2 1 1 1 1 1 2 1 1 2 1 1 2 2 2 2 1 
1 2 1 1 1 2 1 2 1 1 1 2 1 1 2 2 1 2 2 1 1 1 1 2 1 2 1 2 1 1 1 2 2 1 1 1 1 2 1 1 1 1 2 1 1 1 2 2 2 1 2 1 2 1 1 2 1 2 2 2 2 1 2 2 2 2 1 2 2 1 2 1 2 1 1 2 2 1 1 1 2 2 1 1 1 1 1 2 2 2 
1 1 1 1 1 1 1 1 1 1 1 1 1 2 1 1 1 1 1 1 2 1 1 2 1 1 1 1 1 1 1 1 1 2 2 2 2 1 2 2 2 1 2 1 1 1 2 2 1 1 1 2 2 1 1 1 1 1 1 2 1 1 1 1 1 1 1 1 1 1 1 1 1 1 1 1 2 1 1 2 1 2 2 1 1 1 1 1 1 1 
1 1 1 1 1 1 1 1 2 1 2 1 2 1 1 2 2 1 1 2 2 2 1 2 1 1 1 2 1 1 1 1 1 1 1 1 1 2 2 1 2 1 2 1 1 1 2 1 1 1 2 2 1 1 2 1 2 1 1 2 2 1 1 2 1 1 1 1 1 1 2 1 1 1 1 2 2 1 2 1 2 2 1 2 2 2 2 2 1 1 
2 2 2 2 2 1 1 1 1 1 1 1 2 1 2 2 2 1 1 1 1 2 1 2 1 1 2 1 1 1 1 2 2 1 1 1 1 1 1 2 2 1 2 2 1 1 1 1 2 1 2 1 2 1 1 2 2 1 1 1 2 2 1 1 2 2 1 1 1 2 2 1 1 1 2 1 2 2 1 2 1 2 2 1 2 1 1 1 1 2 
2 2 1 1 1 1 2 1 1 2 1 1 1 1 1 1 2 2 2 2 1 2 1 2 1 2 2 1 1 1 2 1 1 2 2 1 1 1 1 1 1 1 1 2 1 2 2 1 2 1 1 1 1 1 1 2 1 1 1 1 1 1 1 1 2 1 1 1 2 1 2 2 2 1 2 2 1 2 1 1 1 2 1 1 1 1 2 2 1 1 
1 1 2 2 1 1 1 1 2 1 1 1 1 1 2 2 2 1 2 1 1 2 1 1 1 1 1 2 1 1 1 1 2 1 1 1 1 1 1 2 1 2 1 1 1 1 2 1 1 1 1 1 1 1 2 2 1 1 1 2 1 1 1 1 2 1 1 1 2 1 2 1 1 1 1 1 1 1 2 2 1 1 1 2 1 1 1 2 1 2 
1 1 1 1 1 2 2 1 1 1 1 1 2 1 1 1 1 1 1 1 1 2 1 1 1 1 2 2 1 2 1 1 1 2 1 1 1 1 1 1 1 2 2 1 1 1 2 2 2 2 2 2 1 1 2 2 1 1 1 1 2 2 1 2 1 1 1 1 1 1 1 1 2 2 2 2 1 1 2 1 1 2 1 1 1 1 1 1 1 1 
1 2 2 1 2 1 2 1 1 2 1 1 1 1 2 2 1 2 1 2 1 1 1 1 1 1 1 2 1 1 2 2 1 2 2 1 2 2 1 2 2 2 2 2 2 2 2 1 2 2 2 2 1 2 2 1 2 2 1 2 1 2 2 2 2 1 1 1 2 2 2 2 1 1 1 2 2 1 2 2 1 1 2 2 1 1 1 1 1 1 
1 1 1 1 1 1 1 2 1 1 2 2 2 1 1 1 1 1 1 1 1 1 1 2 1 1 2 1 1 2 2 2 2 2 1 2 2 2 2 2 2 1 1 2 2 1 1 1 2 1 2 2 2 2 2 1 2 2 1 1 1 2 1 1 1 2 1 2 1 1 2 1 2 2 2 2 1 2 2 2 2 2 1 2 2 2 2 2 2 2 
1 2 1 1 1 1 1 2 2 1 1 2 2 1 1 1 1 2 1 1 1 1 1 2 2 1 1 2 2 1 2 2 2 1 1 2 1 1 2 2 2 2 2 2 1 1 2 1 2 2 2 2 1 2 2 1 2 2 2 2 1 2 2 1 2 2 2 2 2 1 2 2 1 2 2 2 2 2 1 2 2 2 2 1 2 2 2 2 2 2 
1 2 2 2 2 2 2 1 2 2 2 2 2 2 2 2 1 2 1 2 1 2 2 2 1 2 2 2 1 2 2 2 2 2 2 2 2 1 1 1 2 2 2 2 2 2 2 2 2 2 2 2 2 2 2 2 2 1 2 2 2 2 2 2 2 2 2 2 1 1 2 1 1 2 2 2 2 2 1 2 1 2 1 2 1 2 1 2 2 2 
1 2 1 2 2 2 2 2 2 2 2 2 1 1 2 2 2 2 2 2 2 2 1 1 2 2 2 2 2 2 2 1 1 2 2 2 2 2 2 2 2 2 2 1 1 2 2 2 2 2 1 2 2 2 2 1 2 2 2 2 2 2 1 2 2 2 1 2 1 2 2 2 2 2 2 2 2 2 2 2 2 2 2 2 1 2 2 2 1 1 
1 2 1 2 1 1 2 1 1 1 2 2 2 2 2 2 2 1 2 2 2 2 2 2 2 2 2 2 2 2 1 2 1 1 2 1 1 1 2 2 1 1 1 1 1 1 2 2 2 1 2 1 1 1 2 1 1 2 2 1 1 2 2 1 2 2 1 2 1 1 1 1 1 1 2 1 2 2 1 1 1 2 1 1 1 1 2 1 1 1 
2 2 2 1 2 2 2 1 2 2 2 2 2 1 1 1 1 1 2 2 1 1 2 1 2 2 2 1 2 2 2 2 1 2 2 1 2 1 2 1 2 2 2 1 2 2 1 2 2 2 1 2 1 2 2 2 2 2 2 2 1 2 1 2 2 1 2 2 1 2 2 2 2 1 1 2 1 2 1 2 2 2 2 2 2 1 2 1 2 2 
2 1 2 2 2 1 2 2 2 2 2 2 2 1 2 2 2 2 2 2 2 1 2 2 2 2 2 2 1 1 2 2 1 2 2 2 1 1 2 2 2 1 2 1 1 1 2 2 2 2 1 1 2 2 1 2 2 2 2 2 2 1 2 2 2 1 2 2 2 2 1 2 1 2 2 2 2 2 1 2 1 1 2 1 2 1 2 2 2 2 
