1 1 1 1 1 1 1 1 1 1 1 1 1 1 1 1 1 1 1 1 1 1 1 1 1 1 1 1 1 1 
1 1 1 2 1 1 1 1 2 1 1 1 1 1 2 2 1 1 2 1 2 2 2 1 2 2 2 1 2 1 
1 1 1 1 2 1 1 1 1 1 1 1 2 2 2 1 1 2 1 2 1 2 1 1 2 1 1 2 1 1 
2 2 2 2 2 1 1 2 2 1 2 2 1 2 2 1 2 2 2 2 2 1 2 2 2 1 1 2 2 2 
1 2 1 1 1 1 2 2 2 1 1 2 2 1 1 2 1 2 1 1 1 1 2 1 2 1 2 1 1 1 
1 1 1 1 1 1 1 1 1 2 2 2 1 1 2 1 1 1 1 1 1 1 1 1 1 2 1 1 1 1 
2 2 1 1 1 1 1 1 1 1 2 1 1 1 1 1 1 1 1 1 1 1 1 1 1 1 1 1 1 1 
1 2 2 1 1 1 1 1 1 1 1 1 1 1 1 1 1 1 1 1 1 1 2 1 2 1 1 2 2 1 
2 2 1 1 1 2 2 2 2 2 2 2 2 1 2 2 2 1 2 1 2 1 2 1 1 1 2 1 1 2 
2 1 2 2 2 1 1 2 2 2 2 2 1 2 2 2 1 2 2 2 1 2 2 2 2 2 2 2 2 2 
2 2 2 2 2 2 2 2 2 2 2 2 2 2 2 2 2 2 1 2 2 2 1 1 2 1 1 1 2 1 
1 1 2 2 2 1 1 2 2 1 2 1 2 1 2 2 2 2 1 1 1 2 2 2 1 2 2 2 2 1 
2 2 2 1 1 2 1 2 2 2 2 2 2 2 2 2 1 1 1 2 1 2 2 2 2 2 1 2 2 2 
1 2 2 2 2 1 1 1 2 2 1 2 1 2 2 1 2 1 2 2 1 2 2 2 1 2 2 1 2 2 
2 2 1 2 2 2 2 2 1 1 1 1 2 2 2 1 2 2 2 1 1 2 1 2 1 2 2 2 2 2 
2 2 2 1 1 1 1 1 2 1 1 2 1 1 2 2 1 2 1 1 2 1 2 2 2 1 2 1 1 2 
1 2 1 2 1 1 2 1 2 1 2 2 1 2 2 1 1 2 1 2 1 2 2 1 2 1 1 2 1 2 
2 2 2 1 1 2 2 2 1 2 2 1 1 1 2 1 1 2 1 1 2 1 2 1 1 2 1 1 1 1 
2 1 1 1 1 2 1 1 1 2 2 2 2 2 2 2 1 2 1 1 2 1 2 2 2 2 2 1 1 2 
2 2 2 1 1 1 1 1 1 2 1 2 1 1 1 1 2 1 2 2 2 1 1 1 1 1 2 1 2 1 
2 1 2 1 2 2 1 2 1 1 2 2 1 2 1 1 1 2 2 1 2 2 2 2 1 2 1 2 1 2 
1 1 1 2 1 1 2 1 2 2 2 1 2 2 2 1 1 1 1 2 2 2 2 2 1 2 1 1 1 2 
2 2 2 2 1 1 2 2 2 1 2 2 2 1 1 2 2 1 2 1 1 2 2 2 2 2 2 2 2 1 
2 1 1 2 1 2 1 2 2 2 1 2 1 2 2 2 1 2 2 1 2 1 2 1 2 1 2 1 2 1 
2 1 2 1 2 1 2 1 1 1 1 2 1 1 1 2 2 1 1 1 1 1 2 2 2 1 2 2 2 1 
1 1 1 1 2 1 2 1 2 1 1 2 1 1 1 1 1 1 2 2 1 1 2 1 1 2 1 2 1 1 
2 2 1 1 1 2 2 1 1 2 2 2 2 1 2 1 1 1 2 2 2 1 2 1 1 2 1 2 2 2 
2 2 2 2 1 2 2 2 2 1 2 2 1 1 2 1 2 1 2 2 2 2 2 2 1 1 2 1 2 1 
2 2 2 1 1 1 1 1 2 2 2 2 1 2 2 1 2 1 2 1 2 2 2 2 1 1 2 2 1 2 
1 1 1 1 2 2 2 2 1 2 1 1 2 1 2 1 1 1 1 1 1 2 1 2 2 2 1 2 1 1 
1 1 1 2 2 2 1 2 1 1 2 2 1 1 2 1 1 2 2 2 1 1 1 1 1 1 2 1 1 2 
1 1 2 1 2 2 1 1 2 2 1 1 2 2 2 2 1 1 2 1 1 1 2 1 2 2 1 1 1 2 
2 2 1 2 2 2 1 2 1 1 1 2 1 2 1 2 2 2 1 2 2 1 1 1 2 2 1 2 2 1 
2 1 1 1 2 1 2 1 1 1 1 2 1 2 1 2 1 1 1 2 2 1 1 2 1 2 1 2 1 2 
1 1 1 1 2 2 1 2 2 2 1 2 1 1 2 1 2 2 2 1 2 1 2 2 1 2 1 2 1 2 
1 1 1 1 1 2 2 1 1 2 1 1 2 1 2 2 1 2 1 2 2 1 2 1 1 1 2 2 2 1 
1 2 1 1 2 2 2 1 1 1 1 2 1 1 2 2 2 2 2 2 2 1 1 2 1 2 1 2 1 1 
1 2 1 2 2 1 2 2 2 2 2 1 1 2 2 1 1 1 2 1 2 1 1 1 2 1 1 1 1 2 
1 1 1 1 1 1 1 2 1 1 1 1 1 2 2 1 1 1 1 2 2 2 1 2 1 1 1 1 1 2 
1 1 2 1 1 2 1 2 1 1 1 2 1 2 1 1 1 2 1 1 1 2 2 1 1 2 1 1 1 1 
2 2 1 2 2 2 1 1 1 1 2 1 1 2 1 2 1 1 2 1 1 2 1 1 2 2 2 1 2 1 
1 1 1 1 2 1 1 2 1 2 2 1 1 1 2 2 2 1 2 1 2 1 2 1 1 2 1 1 1 2 
1 2 2 1 2 2 2 1 1 2 2 1 1 2 1 1 1 1 2 1 1 2 2 1 1 2 2 2 1 2 
1 2 2 2 1 1 1 1 1 1 1 1 1 1 1 2 1 2 1 1 1 1 1 2 1 1 1 2 1 1 
1 2 2 1 2 2 1 2 1 1 1 2 2 2 1 2 2 2 2 1 1 2 2 1 1 1 1 1 1 1 
2 2 2 2 1 2 2 2 1 1 2 1 1 2 2 1 2 1 2 1 2 2 2 2 1 2 2 1 1 2 
2 2 2 1 2 1 1 1 1 2 1 2 2 1 2 2 2 2 2 2 2 2 1 2 1 2 1 2 1 1 
1 1 2 2 1 2 2 2 2 1 2 1 1 2 1 2 2 2 1 2 1 1 2 2 1 2 1 1 2 2 
2 1 2 2 2 2 2 1 2 2 1 1 1 2 2 2 2 2 2 1 2 2 2 1 2 2 2 2 1 1 
1 1 2 2 2 1 1 2 1 2 1 2 2 1 1 2 2 1 1 2 2 2 2 1 1 1 2 1 2 1 
2 1 2 2 1 2 1 2 1 2 2 1 1 2 1 2 2 1 2 2 1 2 1 2 1 1 1 2 1 1 
2 2 1 2 1 1 1 2 2 1 1 1 1 2 2 2 1 2 2 2 2 1 2 1 1 2 2 1 2 1 
2 1 2 1 2 1 2 1 2 2 2 1 2 1 1 2 2 1 2 1 1 1 2 1 1 2 1 1 1 2 
2 2 1 2 1 1 2 2 2 2 2 2 1 2 2 2 2 2 2 2 1 2 2 2 2 1 2 1 2 1 
2 2 1 1 2 1 1 1 2 1 2 1 2 1 2 2 2 1 2 1 1 1 1 2 1 2 1 1 2 2 
2 2 2 2 1 2 1 1 1 1 2 1 2 2 1 2 2 1 2 2 2 2 2 1 1 1 2 1 2 2 
1 1 2 1 1 1 1 2 1 1 2 1 1 1 1 2 1 1 2 1 1 1 1 1 1 1 1 2 1 1 
2 1 2 1 2 1 1 1 1 1 1 2 1 1 2 2 1 2 2 2 2 1 1 2 2 2 1 2 1 1 
2 2 2 2 1 2 2 2 1 2 2 2 2 2 1 1 2 1 2 1 1 1 2 2 1 2 1 2 1 2 
2 2 1 2 2 1 1 2 1 2 1 2 1 2 1 2 1 1 2 1 1 2 1 1 2 1 1 1 1 2 
1 1 1 1 1 1 1 2 1 1 1 2 1 2 1 1 1 2 2 2 2 2 1 1 1 1 1 1 1 1 
2 1 2 2 2 2 2 1 2 1 2 1 1 2 2 2 1 1 2 2 1 2 2 2 2 2 2 1 1 2 
1 1 1 1 2 1 1 1 1 2 2 1 1 2 2 1 2 1 1 2 1 1 1 1 1 2 1 1 2 1 
1 1 1 1 2 1 1 2 2 1 1 1 1 2 2 2 2 1 2 2 2 1 2 2 1 1 2 2 1 2 
1 1 2 1 2 2 1 1 2 2 2 2 1 1 2 1 1 1 1 1 2 1 1 1 1 1 1 2 2 2 
2 1 1 1 2 2 2 1 2 1 1 1 2 1 2 2 2 2 2 1 1 1 2 1 2 2 2 2 2 1 
2 2 1 1 2 1 2 1 2 2 2 1 1 2 1 1 1 1 1 2 2 1 1 2 2 1 2 2 1 1 
1 1 2 2 2 1 1 2 2 1 2 1 2 2 2 1 1 1 1 2 2 1 1 1 1 1 1 1 1 2 
1 1 1 1 1 1 1 2 1 2 1 2 1 2 2 2 1 1 1 1 2 1 2 1 2 2 1 1 2 1 
2 1 1 1 2 2 2 2 2 2 2 1 2 1 1 1 1 2 2 2 1 1 1 1 2 2 1 2 2 2 
1 1 1 2 2 1 1 1 1 1 1 1 1 1 1 1 1 1 1 1 1 1 2 2 1 1 1 2 2 2 
2 2 1 1 2 2 2 2 1 2 2 1 1 1 2 1 2 1 1 2 2 1 1 1 1 1 1 2 2 1 
2 2 1 1 2 2 1 1 1 2 2 2 1 2 2 1 2 2 2 2 1 2 2 1 1 2 1 2 2 1 
1 1 1 2 1 1 1 2 1 1 1 1 1 1 1 1 2 1 1 1 1 1 1 2 1 1 1 1 1 2 
2 2 1 2 2 1 1 1 1 2 1 2 2 1 2 2 2 1 1 1 2 2 2 2 1 1 2 2 1 1 
1 1 2 1 1 2 2 2 1 1 2 1 1 1 2 1 2 2 1 2 1 2 2 1 1 1 2 1 2 1 
2 2 2 2 2 1 2 1 2 2 1 2 2 2 1 1 1 2 1 2 2 1 2 2 2 2 2 1 1 2 
2 1 1 2 1 1 2 2 1 1 1 2 2 1 1 2 1 2 2 2 1 2 1 1 1 1 1 2 1 1 
2 1 1 1 2 1 1 1 1 2 1 1 2 1 2 1 2 1 1 1 1 1 1 1 1 1 2 1 2 1 
1 1 1 1 1 1 1 1 1 1 1 1 2 2 2 2 1 1 1 1 1 1 2 1 1 1 1 1 1 1 
1 1 2 2 1 1 1 2 2 1 2 1 1 1 1 1 1 1 1 1 1 2 2 1 1 1 1 1 1 1 
2 2 1 2 2 2 2 2 2 1 1 1 2 2 1 2 2 2 1 2 2 1 2 2 1 2 1 2 2 2 
1 1 1 1 1 2 1 2 1 2 1 1 2 2 1 1 1 2 1 1 1 1 1 1 2 1 1 1 2 1 
1 1 1 2 1 2 1 1 1 2 2 1 1 2 1 2 1 2 1 2 1 2 2 2 2 1 2 2 1 2 
1 2 1 1 1 1 1 1 1 1 1 1 1 1 2 1 1 1 1 2 1 1 1 1 1 1 1 1 1 1 
2 1 2 1 1 2 1 2 2 2 2 2 2 2 2 1 1 2 2 2 2 2 2 2 2 1 2 2 2 2 
5 5 1 3 4 6 5 4 5 6 5 2 6 6 5 6 4 6 4 6 6 6 4 5 6 4 6 6 4 5 
3 8 8 6 8 2 6 8 2 2 6 9 8 10 4 6 2 3 7 8 4 3 2 6 5 1 3 1 9 9 
8 10 10 3 10 8 6 2 3 10 6 7 5 8 8 7 9 8 2 6 8 6 5 2 6 10 7 4 10 8 
5 3 1 1 3 4 3 5 7 6 3 7 3 6 3 1 5 3 3 7 5 4 5 1 5 1 7 5 7 7 
8 1 7 7 5 10 8 5 3 3 1 9 9 6 7 7 1 7 4 5 5 1 1 10 5 3 7 10 5 5 
9 2 8 7 3 10 10 5 1 2 7 9 5 1 10 10 7 3 8 6 1 10 1 1 6 4 2 6 10 9 
4 4 1 6 7 7 1 5 5 1 6 6 6 2 3 1 2 5 6 5 7 5 4 3 6 3 5 3 5 7 
1 1 1 2 3 4 4 4 3 3 1 4 1 1 3 3 3 2 3 3 3 1 3 4 1 4 4 1 3 1 
4 1 4 2 3 1 4 3 4 3 3 1 4 4 3 2 2 1 4 3 1 1 1 1 3 2 3 1 3 3 
5 3 4 4 4 4 4 2 1 6 5 3 1 6 3 4 3 6 3 3 2 6 3 4 4 3 2 4 3 3 
4 5 10 5 10 4 1 4 3 10 6 6 4 9 4 9 4 5 8 6 6 7 7 8 9 3 8 6 3 7 
7 5 12 11 12 12 7 10 8 10 8 12 8 7 8 8 12 6 9 3 9 8 6 12 8 12 8 7 11 8 
9 3 5 8 8 7 3 8 6 10 10 3 3 8 5 5 9 10 8 5 6 7 9 10 7 7 5 7 6 7 
3 1 7 19 7 10 24 7 14 12 11 24 5 1 21 1 28 28 24 10 27 11 1 7 24 5 15 19 25 2 
23 27 21 6 13 26 5 5 19 6 27 28 16 19 17 8 13 25 27 3 17 7 28 27 20 19 3 20 17 26 
25 23 5 23 27 13 28 10 5 6 14 8 26 23 1 14 3 7 1 26 18 18 27 4 27 7 11 6 7 11 
33 20 4 3 30 21 6 32 31 20 2 3 30 32 17 6 29 18 24 10 29 20 28 25 1 12 18 3 28 19 
20 23 7 28 15 20 30 32 18 18 4 3 11 1 32 22 32 26 1 15 4 5 11 9 5 30 7 8 21 3 
34 24 29 7 31 12 30 34 33 5 31 10 1 18 16 3 20 13 26 23 36 26 24 29 7 7 14 29 12 28 
12 6 9 19 18 5 27 30 24 23 27 23 17 1 24 3 13 29 11 12 3 25 29 27 27 1 10 30 30 7 
1 5 20 9 26 17 22 9 22 15 18 1 7 3 22 20 26 27 23 26 16 26 11 7 1 24 7 9 15 9 
19 25 27 15 9 21 9 27 17 3 9 25 9 9 21 11 20 10 7 11 10 23 17 9 11 20 15 20 27 7 
5 18 18 26 19 16 23 9 15 9 17 28 24 21 16 7 15 11 19 13 11 5 23 12 13 9 16 13 21 7 
26 11 20 13 19 24 9 20 23 24 22 16 20 22 11 17 16 5 21 20 15 16 25 14 20 5 19 7 4 16 
26 16 11 24 19 28 23 24 31 30 25 29 23 31 20 26 24 30 15 31 32 20 17 32 23 18 24 21 7 24 
7 11 15 15 7 12 18 19 5 7 21 3 12 21 3 9 13 5 3 23 7 11 18 13 15 9 23 23 11 21 
14 2 6 16 20 2 2 4 16 6 2 34 19 26 2 24 8 25 25 28 32 19 15 25 2 27 4 19 4 24 
1 8 28 13 1 27 32 6 14 28 1 27 3 14 13 30 24 9 24 27 25 26 9 27 23 3 5 28 25 6 
8 31 5 23 23 31 6 1 35 27 2 29 12 26 34 28 6 29 4 29 19 19 5 6 9 32 2 14 24 28 
14 29 9 24 3 1 13 7 16 19 3 19 23 2 2 15 1 7 20 20 18 34 10 16 24 11 16 7 19 17 
18 2 7 3 12 24 15 9 3 10 9 24 4 10 18 2 7 14 13 4 24 22 22 7 2 22 9 5 5 10 
25 13 15 4 19 9 2 5 15 10 14 18 20 17 15 13 18 8 9 25 15 1 13 16 6 32 13 26 15 19 
32 16 16 20 18 44 32 34 19 16 36 22 29 15 9 19 10 24 48 9 10 20 13 17 39 34 34 22 21 6 
29 35 23 17 30 18 29 19 32 38 21 20 33 31 34 35 18 16 29 21 12 32 24 22 7 4 8 9 32 6 
47 38 34 39 35 48 41 18 38 40 29 20 16 39 32 6 39 34 38 29 12 39 27 37 52 23 26 40 15 35 
51 30 33 60 62 16 21 24 15 38 47 60 39 56 45 51 33 41 63 54 25 7 41 20 30 47 35 25 42 58 
198 168 130 132 138 59 103 84 83 154 92 186 177 106 171 157 120 158 149 122 194 183 121 193 181 71 109 184 202 125 
172 126 201 246 173 224 146 87 136 186 128 166 142 176 167 241 138 125 93 143 80 231 35 176 226 197 174 124 187 198 
176 110 252 191 54 172 182 216 109 211 181 157 144 131 220 105 136 136 194 192 51 204 145 97 228 74 90 135 165 165 
83 114 187 201 229 163 230 61 117 59 221 183 102 65 143 196 137 145 138 88 156 66 64 178 230 51 233 144 105 147 
90 244 135 185 228 196 218 200 65 133 193 243 151 133 126 187 175 100 205 169 159 174 128 230 94 79 225 97 127 47 
57 40 137 190 78 208 187 185 186 152 164 135 59 153 48 244 186 98 186 60 194 212 224 172 225 138 105 43 161 204 
175 84 190 184 232 59 33 119 116 179 140 188 178 92 198 191 209 224 190 139 112 141 131 42 129 138 219 118 177 101 
219 234 222 89 111 73 120 50 182 156 69 117 69 100 218 165 215 162 221 112 217 166 174 86 188 197 249 154 231 95 
167 214 195 187 176 193 226 166 185 227 162 121 207 180 204 102 41 81 56 173 36 160 66 199 56 38 196 232 121 111 
117 110 172 187 165 161 146 225 115 90 223 133 148 125 81 144 119 233 121 124 188 150 204 154 190 174 143 125 215 114 
111 219 162 207 169 238 89 177 215 206 73 216 211 57 222 125 108 204 133 151 84 81 216 116 171 202 154 153 123 147 
170 136 192 107 218 171 149 202 186 190 185 172 121 222 152 132 185 124 226 238 203 137 174 227 154 234 184 210 241 93 
79 131 106 148 127 138 111 134 66 129 96 176 122 99 69 188 163 199 203 199 117 145 132 170 122 99 187 90 114 97 
18 38 32 45 13 17 65 55 46 41 61 27 47 33 17 35 26 57 47 26 39 27 34 27 13 59 66 26 24 35 
32 24 23 57 42 21 50 33 34 37 22 33 26 15 27 25 44 21 38 28 52 26 40 35 35 40 58 51 25 50 
7 19 23 23 23 27 7 37 40 24 22 20 17 8 19 18 38 14 26 5 21 5 34 14 31 32 23 13 16 31 
22 18 6 12 32 38 11 31 31 22 26 31 7 9 27 22 30 30 10 18 10 30 33 29 34 22 24 25 24 28 
5 13 11 6 16 13 26 15 6 17 9 24 13 4 21 18 15 27 27 15 7 15 11 19 17 4 19 21 27 22 
18 8 10 16 1 19 14 6 6 4 13 14 10 10 20 21 8 10 6 17 13 8 21 2 21 21 14 8 5 10 
8 10 4 8 22 21 14 15 18 21 8 7 19 11 20 6 12 3 2 22 24 6 16 21 23 16 13 23 20 2 
17 3 30 26 29 3 1 25 10 29 26 1 7 26 24 4 29 21 19 1 10 9 17 6 23 28 3 30 5 29 
28 19 23 9 22 4 4 28 25 18 25 6 26 24 8 10 3 8 15 10 25 27 12 23 2 2 3 27 2 2 
10 9 18 16 18 22 8 14 8 4 21 22 26 2 6 26 2 25 24 8 2 26 26 26 2 2 6 25 8 2 
8 23 15 13 20 17 13 13 8 18 4 17 14 20 19 17 23 20 7 13 22 11 17 15 3 20 10 6 15 15 
24 22 28 19 17 25 29 25 23 25 26 30 29 26 11 25 21 18 31 24 16 22 9 21 18 24 26 28 25 25 
12 26 13 5 13 17 19 22 14 6 21 25 21 19 20 8 17 17 21 17 19 8 12 27 12 16 24 9 9 19 
13 18 10 9 18 15 27 13 8 10 18 16 14 22 27 11 21 23 14 16 22 23 7 14 12 26 16 19 17 27 
25 14 8 14 4 9 8 11 17 21 7 20 2 2 23 9 12 11 6 15 19 3 22 22 6 13 2 7 28 12 
12 17 8 24 25 2 28 17 8 14 20 21 16 4 17 8 28 22 16 22 21 9 11 20 17 27 25 2 6 17 
17 18 4 18 25 26 20 20 10 2 29 18 11 10 15 18 20 25 26 2 24 11 9 24 28 4 12 29 23 27 
10 20 29 27 11 29 11 6 31 9 26 34 30 9 3 34 2 29 32 32 12 15 12 29 29 19 11 10 33 4 
18 4 12 24 10 31 28 9 28 31 10 15 2 26 25 32 13 29 26 28 18 12 22 12 26 31 30 21 26 23 
27 26 6 33 34 24 28 28 33 26 14 16 22 4 9 19 5 14 10 29 8 1 9 5 16 30 11 35 10 3 
23 14 12 17 25 2 15 10 8 8 23 10 11 9 27 4 26 19 25 2 19 6 12 4 5 27 25 6 28 16 
20 25 20 16 27 14 12 27 2 14 2 17 25 17 15 12 12 14 2 27 9 27 8 4 27 13 28 23 7 1 
27 28 23 3 9 18 1 3 4 25 24 11 11 2 14 3 3 26 15 15 28 18 16 25 10 27 27 8 6 28 
9 8 10 9 7 7 9 9 8 5 5 5 7 5 3 9 5 9 6 5 6 7 6 10 9 4 7 5 3 10 
11 8 10 8 3 8 9 9 8 12 12 8 7 6 9 11 9 10 5 5 11 10 12 10 6 9 9 8 12 10 
4 9 5 7 5 8 6 6 6 10 3 9 8 2 9 3 7 7 4 5 5 10 7 3 6 1 9 9 5 3 
4 3 4 3 1 3 1 3 6 3 3 2 3 4 4 6 6 2 5 6 3 2 5 4 5 4 4 3 6 4 
4 1 4 1 4 3 4 2 3 3 3 3 4 2 1 4 4 3 4 2 4 1 4 4 2 1 4 2 4 3 
4 4 1 1 3 3 1 3 3 1 4 2 4 2 3 1 3 4 4 1 1 1 2 3 4 3 3 3 4 4 
7 5 5 4 8 2 5 6 4 3 4 7 1 4 1 4 8 5 7 3 3 6 5 3 8 4 3 1 3 1 
4 10 7 9 2 3 5 8 5 4 5 10 10 9 7 7 4 10 4 6 3 10 1 10 9 8 10 8 1 3 
5 8 2 8 4 10 4 4 7 2 2 8 10 2 6 8 1 4 8 10 8 4 6 4 10 10 9 8 5 4 
6 3 4 2 1 5 6 6 2 6 3 2 5 6 2 4 8 6 4 8 4 8 2 2 6 8 6 6 6 8 
1 6 9 7 6 6 2 4 2 5 1 2 1 9 7 7 9 2 10 2 8 7 2 5 4 3 4 1 8 4 
7 6 7 6 2 7 10 5 10 7 4 4 8 6 7 2 6 4 6 9 4 3 8 4 2 4 2 8 3 3 
6 1 3 1 1 1 1 5 4 1 4 6 5 6 5 4 3 1 1 1 1 5 6 5 3 5 5 5 5 1 
1 1 1 1 1 1 1 1 1 1 1 1 1 1 2 1 1 1 1 1 1 1 1 1 1 1 1 1 1 1 
2 1 2 1 2 1 1 2 2 1 2 2 1 1 1 1 2 2 2 2 2 2 1 1 2 2 2 2 1 1 
2 2 1 2 1 2 1 1 2 1 1 1 2 2 1 1 2 1 1 2 2 1 1 1 1 1 2 1 1 2 
2 1 1 1 2 2 2 1 1 1 2 2 1 1 2 1 1 1 1 1 2 1 2 1 1 2 1 1 1 1 
1 1 1 1 1 1 1 1 2 2 1 1 1 1 1 1 1 1 1 1 1 1 1 1 1 1 2 1 1 2 
1 2 1 1 1 2 1 1 1 1 1 2 1 1 1 1 1 1 2 1 2 1 1 2 2 2 1 1 1 2 
1 2 1 1 1 2 1 1 1 2 1 1 1 1 1 2 1 1 2 1 2 1 1 1 2 1 2 1 1 1 
2 2 2 2 2 2 2 2 2 1 2 2 1 2 2 2 2 1 2 2 1 2 2 2 2 1 1 2 2 2 
2 2 1 2 2 2 1 1 1 1 2 2 1 1 1 2 2 1 2 1 1 2 1 1 2 1 1 2 1 2 
2 2 1 2 2 1 2 1 2 2 2 1 1 2 2 1 2 2 2 2 1 2 2 2 2 2 1 1 2 2 
1 1 1 1 2 1 1 1 1 1 2 1 1 1 1 1 2 1 1 1 1 1 2 1 1 1 1 1 1 1 
2 1 2 2 1 1 2 1 1 2 1 2 1 2 1 1 1 1 2 1 1 1 1 1 2 1 1 1 1 1 
2 1 2 2 1 2 2 1 1 2 2 2 1 2 1 2 2 1 1 2 2 2 2 2 2 2 1 2 2 2 
1 2 2 1 1 2 1 1 2 2 1 2 2 1 2 1 1 2 2 2 2 2 2 2 1 1 2 2 2 1 
1 2 2 2 1 2 2 2 2 2 1 1 2 2 1 2 1 2 1 2 2 1 2 2 2 2 1 2 2 2 
2 2 2 2 2 1 2 1 2 1 2 2 2 2 2 2 2 2 1 2 2 1 2 2 1 2 2 2 2 2 
1 2 2 2 2 2 1 1 1 2 2 1 1 1 2 2 2 2 2 1 2 2 1 2 2 2 1 2 2 1 
2 1 1 2 2 1 1 2 1 2 2 2 2 2 2 1 1 1 2 2 2 2 2 2 2 1 1 2 1 2 
1 2 1 2 2 2 1 2 1 1 2 1 2 2 2 2 2 2 1 2 2 1 2 1 2 1 2 1 2 2 
1 1 1 2 1 2 1 2 1 1 1 1 1 1 1 2 2 1 1 2 1 2 1 1 1 1 1 1 1 2 
2 2 2 1 2 1 1 2 1 1 2 1 1 2 2 1 1 2 1 2 2 2 2 1 1 2 2 2 2 2 
2 2 1 2 2 2 2 2 1 1 1 1 1 2 2 1 2 1 2 1 1 1 2 2 1 2 1 1 2 2 
1 1 1 2 1 1 2 1 2 1 2 1 1 2 1 1 2 2 1 2 2 1 1 2 1 2 2 2 1 1 
2 1 1 1 2 1 1 2 2 2 1 2 2 2 2 1 2 2 2 2 2 2 1 2 2 2 1 2 2 2 
2 1 1 2 1 2 1 1 1 2 2 2 1 2 1 1 1 2 2 1 2 2 2 1 1 1 1 2 2 2 
1 1 2 1 1 1 2 1 1 1 1 1 2 2 1 1 2 1 1 1 1 1 1 1 1 2 2 1 1 2 
1 2 1 1 2 1 2 1 1 1 1 2 1 1 1 1 1 1 1 1 1 1 2 2 1 2 1 1 2 1 
1 1 1 2 2 1 1 1 1 1 1 1 1 2 1 2 1 1 1 1 1 2 1 1 2 1 2 2 1 1 
1 1 1 1 2 1 1 1 2 2 1 2 1 2 1 1 2 1 1 1 2 1 1 1 2 1 1 2 1 2 
2 2 2 2 2 2 2 1 2 2 2 2 2 2 2 1 2 1 2 2 2 2 2 2 2 2 2 2 2 2 
2 2 2 2 1 2 2 2 2 1 1 2 2 2 1 2 2 1 1 1 2 2 2 2 2 2 2 1 2 2 
2 2 2 1 2 2 2 2 1 1 1 2 2 1 1 2 2 2 2 2 2 2 2 1 1 2 2 2 2 2 
2 1 2 1 2 2 1 1 2 1 2 2 2 1 1 1 1 2 1 2 2 2 2 2 2 1 2 1 1 2 
1 2 1 1 1 1 1 2 1 1 2 1 1 2 1 2 2 2 1 2 1 1 1 1 1 2 1 2 2 2 
1 1 2 2 2 2 1 2 2 1 1 2 2 2 1 2 2 2 2 1 1 2 1 1 1 2 2 2 2 1 
2 2 2 2 1 2 1 1 1 1 2 2 1 2 1 1 1 2 1 2 2 1 2 1 1 1 1 1 2 2 
1 1 1 2 2 2 1 1 2 1 2 1 1 2 2 2 2 1 2 1 1 1 2 2 1 2 1 2 1 2 
1 2 2 1 2 1 2 1 1 1 1 2 1 1 1 2 1 2 2 2 2 1 1 1 1 1 2 2 1 2 
2 1 1 2 1 1 1 2 1 1 1 2 2 1 1 1 1 1 1 1 2 2 2 1 2 2 1 1 1 2 
1 1 1 2 1 2 1 1 2 2 1 1 1 1 2 1 1 1 2 2 1 1 1 1 1 1 1 1 1 1 
1 2 2 2 2 1 1 1 1 1 1 1 2 2 1 1 1 2 1 1 2 1 2 1 2 1 2 2 1 2 
1 2 2 1 1 2 1 1 2 1 1 2 1 1 2 1 1 2 1 1 1 2 2 1 1 2 2 1 1 1 
2 2 1 1 2 1 1 2 2 2 2 1 1 2 1 1 1 2 2 2 2 1 2 2 2 2 2 1 2 1 
2 1 2 2 2 2 2 2 1 1 1 1 1 2 1 1 1 2 2 2 2 1 1 2 2 2 1 2 1 2 
2 1 1 2 2 2 1 2 2 2 2 2 2 2 1 1 1 2 2 2 1 2 2 2 2 2 1 2 2 1 
2 2 2 1 2 2 2 1 2 2 2 1 2 1 1 2 2 2 2 2 1 1 2 2 2 2 2 2 1 2 
2 1 1 1 2 2 2 2 1 2 2 2 2 1 1 1 1 2 1 1 2 2 2 2 2 2 2 1 1 2 
2 2 1 2 1 2 2 2 1 2 2 2 2 2 1 1 1 2 2 2 2 1 2 2 1 2 1 1 2 2 
1 2 2 2 1 2 2 1 1 2 2 2 2 1 2 2 2 2 1 1 1 2 2 2 2 2 2 2 2 2 
1 1 2 2 1 1 1 1 1 2 1 1 2 1 1 2 2 2 1 1 1 2 2 1 2 2 1 1 1 2 
2 1 2 2 2 1 1 1 1 2 1 1 1 2 2 2 2 2 2 1 2 1 2 2 1 1 1 1 2 2 
2 1 1 1 1 1 2 2 1 1 2 2 1 1 1 2 2 1 1 1 1 1 2 1 1 1 1 1 2 1 
2 1 2 2 1 2 2 1 2 1 1 1 1 2 2 2 1 1 2 1 2 1 2 2 2 2 2 2 1 2 
2 1 2 1 2 1 2 2 2 1 1 2 1 1 1 2 2 2 1 2 1 2 1 1 1 2 1 1 1 1 
2 2 2 2 1 2 1 1 1 2 1 1 2 2 2 1 1 1 2 1 1 1 2 1 2 1 1 2 1 1 
2 1 1 2 2 2 2 2 2 2 2 2 1 1 2 2 1 2 2 2 1 2 2 1 2 2 2 1 1 2 
2 2 2 2 2 1 2 2 2 2 1 2 1 2 2 2 2 2 2 2 1 1 2 2 1 1 2 2 2 1 
1 1 1 1 1 1 2 1 1 1 1 1 1 1 1 1 1 1 1 1 1 1 1 2 2 1 1 1 2 1 
2 1 1 1 1 2 2 1 2 1 1 1 1 2 2 1 1 1 2 2 1 1 2 1 1 1 2 2 1 1 
1 2 2 2 1 2 1 2 1 2 2 1 1 1 2 2 2 2 1 2 2 1 1 1 2 2 2 1 2 1 
1 2 1 2 2 2 2 2 2 2 2 2 2 1 1 2 2 2 1 1 2 2 2 2 2 2 1 2 2 1 
1 2 1 1 1 2 1 1 2 2 2 1 1 2 2 1 2 2 2 1 2 2 2 2 2 2 2 2 1 1 
2 2 1 2 2 1 1 1 1 1 1 1 2 1 2 2 2 2 1 1 1 1 2 1 2 2 1 1 1 1 
1 2 1 2 2 1 2 1 1 1 2 2 1 1 2 1 1 2 1 1 2 2 1 1 2 1 1 2 2 1 
2 1 1 1 1 2 1 1 1 2 2 2 1 1 1 1 1 2 1 2 2 1 1 1 2 1 1 2 1 1 
1 2 2 2 1 1 2 1 2 2 1 1 1 2 2 1 2 2 2 1 2 2 2 2 2 1 1 2 1 1 
1 1 2 1 1 1 2 2 2 2 2 1 1 1 1 2 2 1 1 1 1 2 2 2 2 2 2 1 1 1 
2 2 2 1 2 2 1 2 2 2 1 1 2 1 1 2 2 2 1 2 1 1 1 2 1 1 1 1 1 2 
2 2 1 1 1 2 2 1 1 2 2 2 1 2 2 1 2 1 2 1 2 2 2 1 1 2 2 1 2 1 
1 1 2 2 2 2 2 2 1 1 2 1 2 2 1 1 1 1 1 2 1 1 2 1 1 2 2 2 2 1 
2 1 2 2 2 2 1 2 2 1 2 1 2 1 1 2 2 1 1 1 2 2 1 1 1 1 1 2 2 2 
1 1 1 1 1 1 1 1 1 1 1 1 1 1 1 1 2 1 1 2 1 2 2 1 1 1 1 1 1 1 
2 1 1 2 1 1 1 1 1 1 2 1 1 1 1 2 2 1 2 1 2 2 1 2 2 2 2 2 1 1 
2 2 1 1 2 2 1 1 1 2 2 1 1 1 2 1 2 2 1 2 1 2 2 1 2 1 1 1 1 2 
1 1 1 1 2 1 1 1 2 1 2 2 2 1 2 2 1 2 1 1 1 2 1 1 1 1 2 2 1 1 
1 1 1 1 2 1 1 1 2 1 2 1 1 1 1 1 1 1 2 2 1 1 1 2 1 1 1 2 1 2 
2 2 1 2 1 1 1 1 1 1 1 1 2 2 2 2 1 1 2 1 1 2 1 1 1 1 1 1 1 1 
1 2 2 2 2 1 1 1 2 2 2 2 1 1 1 2 2 1 2 2 1 1 2 2 1 1 1 1 1 1 
1 2 1 1 1 2 1 2 1 1 2 1 2 2 2 2 1 2 2 2 2 2 1 2 2 2 2 2 2 2 
1 2 2 1 2 2 2 2 2 1 2 2 1 2 2 2 2 2 1 2 2 2 2 1 2 2 2 2 2 2 
2 2 2 2 2 2 2 2 1 1 2 1 1 2 2 2 2 2 1 2 1 2 1 2 1 2 1 2 2 2 
2 2 1 2 2 2 1 2 1 2 2 2 2 2 2 2 2 2 2 2 2 2 2 2 1 2 2 2 1 1 
1 2 2 1 2 2 1 2 1 1 1 1 1 1 2 1 2 2 1 1 1 2 1 1 1 1 2 1 1 1 
1 2 1 2 2 1 2 2 1 2 2 2 2 1 1 2 1 2 1 2 2 2 2 2 2 1 2 1 2 2 
2 1 2 2 2 1 2 2 2 2 1 2 1 2 2 2 2 2 1 2 1 1 2 1 2 1 2 2 2 2 
