0.3125 0.673611 0.685185 0.706019 0.724537 0.736111 0.75 0.773148 0.780093 0.789352 
0.377315 0.68287 0.731481 0.789352 0.805556 0.8125 0.821759 0.824074 0.831019 0.842593 
0.354167 0.701389 0.752315 0.784722 0.796296 0.814815 0.81713 0.828704 0.840278 0.861111 
0.375 0.696759 0.747685 0.787037 0.805556 0.80787 0.810185 0.81713 0.826389 0.849537 
0.37037 0.710648 0.75463 0.791667 0.805556 0.819444 0.831019 0.837963 0.851852 0.865741 
0.351852 0.666667 0.736111 0.798611 0.814815 0.828704 0.835648 0.844907 0.854167 0.868056 
0.30787 0.680556 0.733796 0.782407 0.796296 0.8125 0.814815 0.81713 0.835648 0.849537 
0.386574 0.699074 0.74537 0.793981 0.798611 0.81713 0.821759 0.835648 0.849537 0.868056 
0.314815 0.689815 0.729167 0.773148 0.784722 0.814815 0.821759 0.828704 0.837963 0.849537 
0.324074 0.701389 0.738426 0.787037 0.805556 0.821759 0.828704 0.833333 0.851852 0.872685 
0.356481 0.696759 0.731481 0.780093 0.789352 0.8125 0.81713 0.824074 0.840278 0.858796 